0 0.185546875 0.677734375 0.1103515625 0.181640625
0 0.3056640625 0.48828125 0.1064453125 0.21484375
0 0.419921875 0.4931640625 0.111328125 0.1962890625
0 0.349609375 0.724609375 0.103515625 0.1650390625
0 0.6181640625 0.357421875 0.15625 0.1806640625
0 0.5966796875 0.48046875 0.1162109375 0.0908203125
0 0.5908203125 0.546875 0.1044921875 0.0478515625
0 0.587890625 0.5927734375 0.095703125 0.0537109375
0 0.58203125 0.63671875 0.095703125 0.052734375
0 0.703125 0.724609375 0.115234375 0.15234375
0 0.6884765625 0.822265625 0.0888671875 0.0341796875