0 0.3076171875 0.498046875 0.130859375 0.1484375
0 0.3154296875 0.416015625 0.123046875 0.08203125
0 0.3125 0.1416015625 0.1171875 0.1201171875
0 0.2470703125 0.125 0.0537109375 0.115234375
0 0.2138671875 0.9306640625 0.1669921875 0.1357421875
0 0.2890625 0.9208984375 0.05859375 0.158203125
0 0.6025390625 0.7001953125 0.091796875 0.236328125
0 0.66796875 0.6552734375 0.052734375 0.1552734375
0 0.69921875 0.6552734375 0.0400390625 0.1689453125
0 0.7265625 0.65234375 0.0380859375 0.154296875
0 0.7578125 0.6435546875 0.0478515625 0.171875
0 0.7919921875 0.6435546875 0.0439453125 0.162109375
0 0.6884765625 0.482421875 0.1025390625 0.1982421875
0 0.7890625 0.3408203125 0.11328125 0.15625
0 0.7666015625 0.05078125 0.107421875 0.1015625