0 0.3507751937984496 0.43782837127845886 0.3546511627906977 0.45183887915936954 0.4874031007751938 0.45359019264448336 0.49127906976744184 0.4448336252189142 0.49224806201550386 0.38178633975481613 0.4874031007751938 0.37478108581436076 0.3691860465116279 0.37302977232924694 0.3653100775193798 0.38003502626970226 0.36143410852713176 0.415061295971979 0.3507751937984496 0.43782837127845886
0 0.5242248062015504 0.5253940455341506 0.6298449612403101 0.532399299474606 0.6724806201550387 0.5288966725043783 0.6637596899224806 0.46059544658493873 0.6540697674418604 0.43257443082311736 0.6065891472868217 0.4238178633975482 0.562015503875969 0.425569176882662 0.5290697674418604 0.4290718038528897 0.5213178294573644 0.4395796847635727 0.5184108527131783 0.500875656742557 0.5242248062015504 0.5253940455341506
0 0.5329457364341085 0.4185639229422067 0.5687984496124031 0.4098073555166375 0.622093023255814 0.4080560420315236 0.6114341085271318 0.3922942206654991 0.5310077519379844 0.3922942206654991 0.5290697674418604 0.4098073555166375 0.5329457364341085 0.4185639229422067
0 0.5310077519379844 0.3905429071803853 0.6172480620155039 0.38879159369527144 0.6143410852713178 0.37127845884413313 0.6085271317829457 0.36427320490367776 0.5339147286821705 0.3660245183887916 0.5281007751937984 0.36777583187390545 0.5310077519379844 0.3905429071803853
0 0.6124031007751938 0.3607705779334501 0.6056201550387597 0.3345008756567426 0.5409399224806202 0.3397548161120841 0.5300387596899224 0.3327495621716287 0.5251937984496124 0.34325744308231176 0.5281007751937984 0.3660245183887916 0.6124031007751938 0.3607705779334501
0 0.6046511627906976 0.3380035026269702 0.6085271317829457 0.3327495621716287 0.6027131782945736 0.3204903677758319 0.5271317829457365 0.3222416812609457 0.5281007751937984 0.34325744308231176 0.6046511627906976 0.3380035026269702
0 0.5271317829457365 0.3239929947460595 0.5862403100775194 0.3239929947460595 0.6056201550387597 0.3169877408056042 0.5978682170542635 0.29246935201401053 0.5251937984496124 0.29246935201401053 0.5222868217054264 0.30472854640980734 0.5271317829457365 0.3239929947460595
0 0.500968992248062 0.29071803852889666 0.6017441860465116 0.28546409807355516 0.5988372093023255 0.24518388791593695 0.5910852713178294 0.22591943957968477 0.49224806201550386 0.22591943957968477 0.4951550387596899 0.27845884413309985 0.500968992248062 0.29071803852889666
0 0.6962890625 0.2978515625 0.1044921875 0.09375
0 0.6630859375 0.24609375 0.078125 0.025390625
0 0.1385658914728682 0.38528896672504376 0.18313953488372092 0.3905429071803853 0.2257751937984496 0.38353765323992994 0.24127906976744184 0.38704028021015763 0.2451550387596899 0.38003502626970226 0.24127906976744184 0.3345008756567426 0.2625968992248062 0.29947460595446584 0.2645348837209302 0.28896672504378285 0.17635658914728683 0.28721541155866903 0.1308139534883721 0.36952714535901926 0.12887596899224807 0.38003502626970226 0.1385658914728682 0.38528896672504376
0 0.1298449612403101 0.38353765323992994 0.17732558139534885 0.3905429071803853 0.2693798449612403 0.3905429071803853 0.2965116279069767 0.3134851138353765 0.29748062015503873 0.29422066549912435 0.2916666666666667 0.28896672504378285 0.2751937984496124 0.29597197898423816 0.26841085271317827 0.28721541155866903 0.17829457364341084 0.28721541155866903 0.13953488372093023 0.3520140105078809 0.12790697674418605 0.37653239929947463 0.1298449612403101 0.38353765323992994
0 0.23062015503875968 0.276707530647986 0.29844961240310075 0.2819614711033275 0.3003875968992248 0.2626970227670753 0.31492248062015504 0.22942206654991243 0.3168604651162791 0.2119089316987741 0.30426356589147285 0.20140105078809106 0.25 0.1978984238178634 0.24321705426356588 0.2031523642732049 0.22093023255813954 0.2574430823117338 0.21996124031007752 0.2679509632224168 0.23062015503875968 0.276707530647986
0 0 0.35901926444833626 0.0029069767441860465 0.3607705779334501 0.055232558139534885 0.30823117338003503 0.06686046511627906 0.28896672504378285 0.015503875968992248 0.2819614711033275 0.003875968992248062 0.28896672504378285 0 0.29597197898423816 0 0.35901926444833626
0 0.016472868217054265 0.37653239929947463 0.03003875968992248 0.37302977232924694 0.07073643410852713 0.3204903677758319 0.0687984496124031 0.29947460595446584 0.003875968992248062 0.36252189141856395 0.003875968992248062 0.37127845884413313 0.016472868217054265 0.37653239929947463
0 0.07421875 0.3349609375 0.0732421875 0.09375
0 0.095703125 0.3291015625 0.0634765625 0.08984375
0 0.115234375 0.333984375 0.0556640625 0.09375
0 0.078125 0.23046875 0.115234375 0.08984375
0 0.138671875 0.2333984375 0.0576171875 0.0869140625
0 0.16015625 0.2421875 0.048828125 0.095703125
0 0.1953125 0.2314453125 0.0341796875 0.09375
0 0.212890625 0.2275390625 0.03125 0.078125