0 0.3720703125 0.4326171875 0.142578125 0.1103515625
0 0.294921875 0.435546875 0.0400390625 0.1171875
0 0.259765625 0.4404296875 0.044921875 0.1142578125
0 0.224609375 0.4345703125 0.0322265625 0.1044921875
0 0.19921875 0.4306640625 0.0439453125 0.1171875
0 0.1025390625 0.439453125 0.1279296875 0.1220703125
0 0.185546875 0.9033203125 0.14453125 0.111328125
0 0.17578125 0.865234375 0.138671875 0.095703125
0 0.689453125 0.548828125 0.0947265625 0.1396484375
0 0.7578125 0.5458984375 0.0498046875 0.1123046875
0 0.7099609375 0.390625 0.1376953125 0.1171875
0 0.8994140625 0.064453125 0.1435546875 0.087890625
0 0.89453125 0.380859375 0.08203125 0.1025390625
0 0.896484375 0.462890625 0.087890625 0.0732421875