0 0.0966796875 0.4951171875 0.1416015625 0.107421875
0 0.05859375 0.7490234375 0.1171875 0.1220703125
0 0.05859375 0.8154296875 0.1171875 0.044921875
0 0.0947265625 0.908203125 0.173828125 0.1416015625
0 0.3125 0.51953125 0.1650390625 0.142578125
0 0.275390625 0.458984375 0.1552734375 0.1298828125
0 0.6376953125 0.341796875 0.1484375 0.1181640625
0 0.732421875 0.3486328125 0.0498046875 0.1171875
0 0.876953125 0.8076171875 0.1611328125 0.1005859375
0 0.9736328125 0.802734375 0.0390625 0.119140625
0 0.919921875 0.0654296875 0.1591796875 0.125
0 0.9150390625 0.1484375 0.1689453125 0.05078125
0 0.9052734375 0.119140625 0.1572265625 0.0625