0 0.3388671875 0.33203125 0.134765625 0.115234375
0 0.2626953125 0.333984375 0.0380859375 0.107421875
0 0.103515625 0.4609375 0.138671875 0.115234375
0 0.125 0.603515625 0.1357421875 0.1171875
0 0.119140625 0.8955078125 0.1435546875 0.126953125
0 0.365234375 0.4560546875 0.1279296875 0.109375
0 0.2958984375 0.4560546875 0.0166015625 0.1044921875
0 0.2822265625 0.455078125 0.0244140625 0.1142578125
0 0.2626953125 0.4521484375 0.025390625 0.111328125
0 0.2412109375 0.45703125 0.0234375 0.11328125
0 0.2197265625 0.447265625 0.029296875 0.1015625
0 0.658203125 0.49609375 0.1328125 0.1044921875
0 0.67578125 0.4287109375 0.0927734375 0.060546875
0 0.84765625 0.69140625 0.1357421875 0.1181640625
0 0.927734375 0.6826171875 0.0400390625 0.107421875
0 0.8935546875 0.4892578125 0.1181640625 0.1513671875
0 0.8828125 0.3525390625 0.1279296875 0.1083984375
0 0.908203125 0.1123046875 0.0947265625 0.1474609375
0 0.7783203125 0.111328125 0.1337890625 0.1044921875