0 0.224609375 0.162109375 0.111328125 0.146484375
0 0.390625 0.517578125 0.1201171875 0.1611328125
0 0.375 0.6240234375 0.087890625 0.078125
0 0.30859375 0.9384765625 0.119140625 0.123046875
0 0.2109375 0.95703125 0.0791015625 0.0859375
0 0.58984375 0.5263671875 0.1201171875 0.1513671875
0 0.66015625 0.5283203125 0.0205078125 0.1552734375
0 0.6796875 0.5283203125 0.0224609375 0.1572265625
0 0.701171875 0.529296875 0.021484375 0.16015625
0 0.669921875 0.2939453125 0.08984375 0.21875
0 0.638671875 0.23828125 0.080078125 0.205078125
0 0.759765625 0.029296875 0.1181640625 0.05859375
0 0.771484375 0.8525390625 0.1103515625 0.150390625