0 0.2275390625 0.4912109375 0.0634765625 0.17578125
0 0.2197265625 0.3857421875 0.07421875 0.150390625
0 0.212890625 0.3349609375 0.0693359375 0.1396484375
0 0.208984375 0.298828125 0.0693359375 0.146484375
0 0.2041015625 0.263671875 0.0595703125 0.1591796875
0 0.1943359375 0.2451171875 0.056640625 0.1875
0 0.2802734375 0.2197265625 0.1103515625 0.111328125
0 0.3623046875 0.0654296875 0.107421875 0.130859375
0 0.3935546875 0.5380859375 0.1240234375 0.146484375
0 0.6318359375 0.42578125 0.115234375 0.126953125
0 0.8134765625 0.7626953125 0.150390625 0.1953125
0 0.8798828125 0.7421875 0.056640625 0.16015625
0 0.7958984375 0.478515625 0.1279296875 0.1435546875
0 0.7041015625 0.2744140625 0.1123046875 0.12109375
0 0.703125 0.216796875 0.1181640625 0.1171875
0 0.6953125 0.130859375 0.1142578125 0.1318359375