0 0.564453125 0.515625 0.0830078125 0.1875
0 0.0859375 0.919921875 0.171875 0.16015625
0 0.2841796875 0.0537109375 0.03515625 0.0986328125
0 0.662109375 0.3115234375 0.0927734375 0.1064453125
0 0.6630859375 0.0908203125 0.078125 0.068359375
0 0.6123046875 0.5029296875 0.0419921875 0.1298828125
0 0.6337890625 0.5302734375 0.0693359375 0.142578125
0 0.681640625 0.5234375 0.0419921875 0.1240234375
0 0.70703125 0.525390625 0.0458984375 0.1298828125
0 0.1806640625 0.115234375 0.044921875 0.08984375
0 0.1572265625 0.119140625 0.0341796875 0.08203125
0 0.1435546875 0.1201171875 0.0390625 0.0771484375