0 0.2158203125 0.3017578125 0.1005859375 0.1533203125
0 0.2685546875 0.6005859375 0.0966796875 0.216796875
0 0.2060546875 0.9072265625 0.1611328125 0.1572265625
0 0.416015625 0.4990234375 0.1142578125 0.1376953125
0 0.390625 0.4443359375 0.1123046875 0.134765625
0 0.3759765625 0.3798828125 0.1240234375 0.1201171875
0 0.6396484375 0.552734375 0.0888671875 0.203125
0 0.7041015625 0.5546875 0.046875 0.142578125
0 0.7373046875 0.57421875 0.0322265625 0.150390625
0 0.7666015625 0.5400390625 0.0322265625 0.1416015625
0 0.79296875 0.5517578125 0.044921875 0.146484375
0 0.8251953125 0.392578125 0.111328125 0.130859375
0 0.8466796875 0.8056640625 0.1357421875 0.19140625
0 0.92578125 0.796875 0.0546875 0.1708984375