0 0.125 0.90234375 0.14453125 0.11328125
0 0.111328125 0.814453125 0.1044921875 0.09375
0 0.044921875 0.84765625 0.044921875 0.1435546875
0 0.32421875 0.494140625 0.1494140625 0.1298828125
0 0.2861328125 0.44921875 0.142578125 0.107421875
0 0.6552734375 0.5263671875 0.158203125 0.1025390625
0 0.7548828125 0.5234375 0.0556640625 0.103515625
0 0.791015625 0.5283203125 0.0380859375 0.111328125
0 0.826171875 0.5234375 0.044921875 0.1142578125
0 0.9033203125 0.779296875 0.162109375 0.1201171875
0 0.8818359375 0.3798828125 0.1650390625 0.130859375
0 0.888671875 0.095703125 0.166015625 0.1162109375