0 0.4462890625 0.13671875 0.0908203125 0.1787109375
0 0.447265625 0.14453125 0.126953125 0.1162109375
0 0.373046875 0.1328125 0.044921875 0.130859375
0 0.341796875 0.1328125 0.0400390625 0.1357421875
0 0.3154296875 0.1416015625 0.033203125 0.1259765625
0 0.283203125 0.3203125 0.033203125 0.1640625
0 0.3076171875 0.3056640625 0.0283203125 0.158203125
0 0.3291015625 0.3115234375 0.0341796875 0.1455078125
0 0.3466796875 0.29296875 0.0283203125 0.1494140625
0 0.3740234375 0.3037109375 0.041015625 0.1513671875
0 0.4501953125 0.30859375 0.13671875 0.1494140625
0 0.1513671875 0.55859375 0.1181640625 0.2333984375
0 0.16015625 0.4873046875 0.154296875 0.1640625
0 0.1533203125 0.9716796875 0.111328125 0.056640625
0 0.66015625 0.4697265625 0.1552734375 0.17578125
0 0.912109375 0.7626953125 0.17578125 0.208984375
0 0.8857421875 0.5498046875 0.15234375 0.1240234375
0 0.8671875 0.421875 0.134765625 0.14453125
0 0.8681640625 0.357421875 0.0966796875 0.1181640625
0 0.8408203125 0.1865234375 0.12890625 0.091796875
0 0.8232421875 0.0986328125 0.130859375 0.1259765625