0 0.1474609375 0.138671875 0.107421875 0.203125
0 0.3076171875 0.15234375 0.103515625 0.12890625
0 0.23828125 0.1513671875 0.04296875 0.125
0 0.31640625 0.4619140625 0.1298828125 0.1494140625
0 0.2138671875 0.9150390625 0.1552734375 0.169921875
0 0.1318359375 0.9599609375 0.0302734375 0.0791015625
0 0.8427734375 0.80859375 0.1416015625 0.197265625
0 0.9296875 0.806640625 0.0546875 0.17578125
0 0.630859375 0.5712890625 0.0859375 0.2060546875
0 0.69921875 0.5615234375 0.046875 0.1455078125
0 0.732421875 0.564453125 0.037109375 0.134765625
0 0.763671875 0.5517578125 0.0419921875 0.146484375
0 0.79296875 0.552734375 0.03515625 0.1484375
0 0.677734375 0.380859375 0.1044921875 0.1220703125
0 0.779296875 0.0185546875 0.10546875 0.037109375