0 0.24609375 0.16015625 0.1142578125 0.154296875
0 0.1806640625 0.15234375 0.0283203125 0.1474609375
0 0.431640625 0.0537109375 0.0849609375 0.1064453125
0 0.384765625 0.3583984375 0.115234375 0.1669921875
0 0.373046875 0.4501953125 0.0849609375 0.0615234375
0 0.369140625 0.5068359375 0.0859375 0.0595703125
0 0.390625 0.646484375 0.08203125 0.2119140625
0 0.314453125 0.9541015625 0.11328125 0.0908203125
0 0.212890625 0.9541015625 0.0791015625 0.0908203125
0 0.5693359375 0.396484375 0.0830078125 0.2109375
0 0.6318359375 0.4306640625 0.041015625 0.1435546875
0 0.7236328125 0.2724609375 0.111328125 0.150390625
0 0.751953125 0.2080078125 0.11328125 0.1455078125
0 0.5888671875 0.59765625 0.1171875 0.15234375
0 0.5849609375 0.779296875 0.1142578125 0.1533203125
0 0.7060546875 0.615234375 0.115234375 0.1767578125
0 0.7587890625 0.4287109375 0.123046875 0.2607421875
0 0.720703125 0.455078125 0.1103515625 0.2421875
0 0.7353515625 0.7041015625 0.13671875 0.216796875
0 0.7578125 0.814453125 0.1259765625 0.2119140625