0 0.0908203125 0.806640625 0.1484375 0.1162109375
0 0.111328125 0.9453125 0.1533203125 0.109375
0 0.78515625 0.9287109375 0.0830078125 0.142578125
0 0.6220703125 0.5791015625 0.1533203125 0.109375
0 0.7236328125 0.568359375 0.0439453125 0.1083984375
0 0.060546875 0.5234375 0.12109375 0.14453125
0 0.369140625 0.4365234375 0.150390625 0.1240234375
0 0.2841796875 0.4306640625 0.03515625 0.1181640625
0 0.25390625 0.431640625 0.021484375 0.1201171875
0 0.2333984375 0.431640625 0.025390625 0.12109375
0 0.2119140625 0.4326171875 0.02734375 0.1220703125
0 0.8740234375 0.3515625 0.1728515625 0.060546875
0 0.873046875 0.26953125 0.1728515625 0.11328125
0 0.921875 0.0703125 0.15625 0.1376953125