0 0.177734375 0.279296875 0.1220703125 0.1005859375
0 0.2548828125 0.2470703125 0.041015625 0.0986328125
0 0.2890625 0.2470703125 0.03125 0.109375
0 0.3125 0.2373046875 0.021484375 0.119140625
0 0.3349609375 0.2509765625 0.0322265625 0.1279296875
0 0.4052734375 0.2587890625 0.111328125 0.134765625
0 0.1904296875 0.4130859375 0.126953125 0.1240234375
0 0.2158203125 0.576171875 0.103515625 0.1826171875
0 0.1630859375 0.7421875 0.125 0.1640625
0 0.140625 0.916015625 0.1455078125 0.16796875
0 0.6689453125 0.65625 0.1142578125 0.134765625
0 0.6494140625 0.4951171875 0.115234375 0.123046875
0 0.8681640625 0.7197265625 0.126953125 0.1513671875
0 0.822265625 0.5732421875 0.1142578125 0.0546875
0 0.814453125 0.5048828125 0.1064453125 0.0732421875
0 0.80859375 0.4365234375 0.107421875 0.0654296875
0 0.7998046875 0.3779296875 0.103515625 0.0546875
0 0.791015625 0.294921875 0.099609375 0.099609375
0 0.6953125 0.03515625 0.091796875 0.0693359375
0 0.6923828125 0.0595703125 0.091796875 0.0537109375
0 0.6884765625 0.1025390625 0.080078125 0.037109375
0 0.6787109375 0.1337890625 0.0556640625 0.06640625