0 0.2373046875 0.306640625 0.087890625 0.1337890625
0 0.2919921875 0.17578125 0.0791015625 0.1005859375
0 0.3837890625 0.37109375 0.0390625 0.099609375
0 0.4306640625 0.4208984375 0.0810546875 0.1630859375
0 0.115234375 0.7958984375 0.0859375 0.1796875
0 0.1904296875 0.8701171875 0.13671875 0.181640625
0 0.2138671875 0.763671875 0.1123046875 0.1123046875
0 0.224609375 0.6865234375 0.1142578125 0.08984375
0 0.21484375 0.947265625 0.154296875 0.10546875
0 0.2666015625 0.90234375 0.087890625 0.0703125
0 0.2763671875 0.849609375 0.0771484375 0.076171875
0 0.2822265625 0.80078125 0.076171875 0.052734375
0 0.2958984375 0.7607421875 0.0693359375 0.0634765625
0 0.3076171875 0.7001953125 0.0732421875 0.08203125
0 0.3662109375 0.71875 0.0810546875 0.060546875
0 0.357421875 0.7724609375 0.07421875 0.0595703125
0 0.3515625 0.8212890625 0.072265625 0.0673828125
0 0.3427734375 0.8720703125 0.0712890625 0.0751953125
0 0.3173828125 0.9375 0.095703125 0.125
0 0.69140625 0.2978515625 0.0810546875 0.14453125
0 0.7060546875 0.5244140625 0.1103515625 0.1435546875
0 0.77734375 0.5361328125 0.033203125 0.12109375
0 0.80859375 0.541015625 0.0341796875 0.11328125
0 0.796875 0.0419921875 0.09765625 0.083984375
0 0.8427734375 0.2177734375 0.1103515625 0.0986328125
0 0.859375 0.3291015625 0.1181640625 0.10546875
0 0.873046875 0.447265625 0.1201171875 0.1220703125
0 0.861328125 0.734375 0.126953125 0.166015625
0 0.939453125 0.74609375 0.05078125 0.154296875
0 0.7412109375 0.896484375 0.107421875 0.2060546875