0 0.14453125 0.1162109375 0.037109375 0.0712890625
0 0.2001953125 0.12109375 0.1025390625 0.06640625
0 0.294921875 0.0654296875 0.068359375 0.107421875
0 0.0859375 0.9208984375 0.171875 0.158203125
0 0.771484375 0.6982421875 0.1025390625 0.1435546875
0 0.638671875 0.53125 0.0283203125 0.0869140625
0 0.66796875 0.5341796875 0.0361328125 0.1064453125
0 0.69140625 0.5400390625 0.0205078125 0.0966796875
0 0.7099609375 0.35546875 0.0888671875 0.0791015625
0 0.552734375 0.3466796875 0.0927734375 0.1201171875
0 0.6103515625 0.345703125 0.0322265625 0.1357421875
0 0.6328125 0.3193359375 0.0244140625 0.0751953125
0 0.6689453125 0.21875 0.080078125 0.0810546875
0 0.662109375 0.103515625 0.072265625 0.06640625
0 0.6455078125 0.0693359375 0.080078125 0.0751953125
0 0.6923828125 0.0712890625 0.03125 0.0673828125