0 0.291015625 0.302734375 0.1181640625 0.107421875
0 0.2900390625 0.2431640625 0.1201171875 0.0556640625
0 0.41015625 0.423828125 0.091796875 0.1474609375
0 0.3466796875 0.4267578125 0.0595703125 0.09765625
0 0.1826171875 0.572265625 0.0712890625 0.0576171875
0 0.15625 0.64453125 0.1220703125 0.103515625
0 0.158203125 0.755859375 0.12890625 0.1064453125
0 0.1650390625 0.8759765625 0.1298828125 0.1083984375
0 0.3984375 0.732421875 0.12109375 0.0986328125
0 0.611328125 0.63671875 0.1103515625 0.107421875
0 0.673828125 0.619140625 0.0224609375 0.083984375
0 0.701171875 0.619140625 0.0302734375 0.080078125
0 0.845703125 0.3916015625 0.1162109375 0.0966796875
0 0.8681640625 0.0634765625 0.111328125 0.1044921875
0 0.8603515625 0.1240234375 0.1142578125 0.0556640625