0 0.5029296875 0.4814453125 0.0703125 0.15625
0 0.5732421875 0.4873046875 0.0712890625 0.16796875
0 0.6650390625 0.505859375 0.0673828125 0.1572265625
0 0.7412109375 0.515625 0.072265625 0.169921875
0 0.6591796875 0.75390625 0.0849609375 0.1845703125
0 0.671875 0.7041015625 0.078125 0.1728515625
0 0.5322265625 0.751953125 0.0849609375 0.1748046875
0 0.5380859375 0.6484375 0.0888671875 0.0556640625
0 0.5419921875 0.6005859375 0.0791015625 0.052734375
0 0.435546875 0.7392578125 0.09765625 0.208984375
0 0.455078125 0.6298828125 0.0751953125 0.0712890625
0 0.857421875 0.4912109375 0.06640625 0.1572265625
0 0.421875 0.45703125 0.08203125 0.154296875
0 0.3486328125 0.4501953125 0.0830078125 0.1474609375