0 0.1875 0.3818359375 0.138671875 0.1357421875
0 0.185546875 0.4765625 0.15234375 0.1552734375
0 0.134765625 0.6357421875 0.1298828125 0.2421875
0 0.43359375 0.3388671875 0.0927734375 0.2109375
0 0.439453125 0.349609375 0.138671875 0.1396484375
0 0.36328125 0.333984375 0.0556640625 0.1474609375
0 0.3310546875 0.33203125 0.0537109375 0.150390625
0 0.298828125 0.32421875 0.0419921875 0.1513671875
0 0.6298828125 0.1455078125 0.0947265625 0.169921875
0 0.7451171875 0.171875 0.1396484375 0.1396484375
0 0.6279296875 0.3056640625 0.134765625 0.146484375
0 0.6240234375 0.5107421875 0.11328125 0.228515625
0 0.6982421875 0.49609375 0.0625 0.1640625
0 0.6591796875 0.716796875 0.1640625 0.189453125
0 0.9365234375 0.62109375 0.126953125 0.1416015625
0 0.9306640625 0.5 0.1376953125 0.1240234375
0 0.9208984375 0.3759765625 0.13671875 0.1484375
0 0.822265625 0.3642578125 0.0791015625 0.1455078125
0 0.7509765625 0.369140625 0.12109375 0.212890625