0 0.271484375 0.158203125 0.11328125 0.11328125
0 0.2060546875 0.1513671875 0.052734375 0.111328125
0 0.1982421875 0.384765625 0.1279296875 0.1328125
0 0.2626953125 0.5400390625 0.0341796875 0.150390625
0 0.2890625 0.5244140625 0.0400390625 0.1572265625
0 0.32421875 0.5205078125 0.048828125 0.140625
0 0.357421875 0.5234375 0.0390625 0.1533203125
0 0.4169921875 0.5302734375 0.0927734375 0.1982421875
0 0.2685546875 0.8974609375 0.103515625 0.205078125
0 0.404296875 0.2724609375 0.1123046875 0.125
0 0.634765625 0.4853515625 0.115234375 0.1376953125
0 0.6240234375 0.63671875 0.123046875 0.1455078125
0 0.666015625 0.6640625 0.115234375 0.150390625
0 0.705078125 0.8720703125 0.08203125 0.255859375
0 0.779296875 0.40625 0.1103515625 0.125
0 0.76953125 0.3125 0.1064453125 0.1015625
0 0.748046875 0.046875 0.09765625 0.09375
0 0.7607421875 0.125 0.1064453125 0.0419921875