0 0.1962890625 0.2568359375 0.1171875 0.1396484375
0 0.234375 0.42578125 0.12890625 0.1494140625
0 0.166015625 0.4287109375 0.03515625 0.1591796875
0 0.1484375 0.4375 0.0537109375 0.146484375
0 0.1494140625 0.60546875 0.0966796875 0.162109375
0 0.1279296875 0.90234375 0.1064453125 0.1943359375
0 0.35546875 0.8017578125 0.1396484375 0.181640625
0 0.3662109375 0.6015625 0.134765625 0.1552734375
0 0.421875 0.453125 0.1142578125 0.1396484375
0 0.404296875 0.4150390625 0.1162109375 0.15234375
0 0.3828125 0.380859375 0.1181640625 0.1337890625
0 0.3701171875 0.3310546875 0.1142578125 0.1328125
0 0.3525390625 0.28515625 0.1142578125 0.1259765625
0 0.361328125 0.1962890625 0.095703125 0.0537109375
0 0.3427734375 0.1572265625 0.09765625 0.078125
0 0.677734375 0.3349609375 0.1181640625 0.13671875
0 0.6748046875 0.4130859375 0.1201171875 0.09375
0 0.712890625 0.2001953125 0.1201171875 0.1728515625
0 0.837890625 0.3876953125 0.1318359375 0.1318359375
0 0.845703125 0.498046875 0.1220703125 0.169921875
0 0.7255859375 0.728515625 0.1328125 0.1748046875
0 0.80078125 0.7333984375 0.037109375 0.1826171875
0 0.828125 0.744140625 0.037109375 0.1953125
0 0.8564453125 0.74609375 0.044921875 0.197265625
0 0.8798828125 0.7431640625 0.048828125 0.173828125
0 0.9111328125 0.748046875 0.056640625 0.177734375
0 0.740234375 0.0234375 0.1015625 0.046875
0 0.2509765625 0.0498046875 0.087890625 0.064453125