0 0.048828125 0.890625 0.09765625 0.21875
0 0.0966796875 0.8916015625 0.0517578125 0.2158203125
0 0.1337890625 0.884765625 0.05078125 0.208984375
0 0.15625 0.904296875 0.0517578125 0.1904296875
0 0.103515625 0.4677734375 0.150390625 0.1376953125
0 0.3515625 0.466796875 0.1005859375 0.1611328125
0 0.2998046875 0.4677734375 0.048828125 0.126953125
0 0.2744140625 0.4638671875 0.041015625 0.1337890625
0 0.255859375 0.4638671875 0.0390625 0.1396484375
0 0.2880859375 0.2783203125 0.0322265625 0.1025390625
0 0.3046875 0.2763671875 0.025390625 0.0966796875
0 0.318359375 0.2763671875 0.0234375 0.1044921875
0 0.3369140625 0.2783203125 0.0322265625 0.0986328125
0 0.380859375 0.27734375 0.0751953125 0.138671875
0 0.2119140625 0.119140625 0.1025390625 0.078125
0 0.2705078125 0.044921875 0.056640625 0.08984375
0 0.1611328125 0.11328125 0.0361328125 0.083984375
0 0.5732421875 0.474609375 0.1005859375 0.1318359375
0 0.7373046875 0.443359375 0.091796875 0.126953125
0 0.5830078125 0.310546875 0.0908203125 0.09765625
0 0.642578125 0.3173828125 0.0263671875 0.111328125
0 0.66015625 0.31640625 0.033203125 0.1181640625
0 0.6875 0.32421875 0.03515625 0.095703125
0 0.7177734375 0.2421875 0.0712890625 0.1298828125
0 0.6923828125 0.087890625 0.0751953125 0.0703125
0 0.671875 0.0791015625 0.0576171875 0.0966796875
0 0.6689453125 0.1044921875 0.07421875 0.09765625
0 0.6337890625 0.111328125 0.0322265625 0.0771484375