0 0.3134765625 0.1357421875 0.119140625 0.1142578125
0 0.2490234375 0.126953125 0.0576171875 0.1064453125
0 0.294921875 0.435546875 0.1396484375 0.248046875
0 0.306640625 0.4921875 0.1279296875 0.1787109375
0 0.314453125 0.611328125 0.1494140625 0.185546875
0 0.275390625 0.63671875 0.134765625 0.1708984375
0 0.212890625 0.9072265625 0.130859375 0.126953125
0 0.21875 0.939453125 0.1318359375 0.12109375
0 0.22265625 0.8662109375 0.1357421875 0.1357421875
0 0.2646484375 0.79296875 0.072265625 0.0458984375
0 0.443359375 0.4072265625 0.125 0.1328125
0 0.6552734375 0.6455078125 0.12109375 0.1484375
0 0.7314453125 0.662109375 0.0478515625 0.1591796875
0 0.6201171875 0.4482421875 0.091796875 0.177734375
0 0.6630859375 0.2822265625 0.0791015625 0.1611328125
0 0.80078125 0.3037109375 0.11328125 0.1181640625
0 0.7822265625 0.0380859375 0.1044921875 0.0751953125
0 0.6806640625 0.4521484375 0.048828125 0.1328125
0 0.71875 0.4560546875 0.033203125 0.1455078125
0 0.74609375 0.453125 0.0302734375 0.14453125
0 0.779296875 0.453125 0.0419921875 0.1474609375