0 0.0888671875 0.5244140625 0.08984375 0.1826171875
0 0.0966796875 0.4248046875 0.0791015625 0.1513671875
0 0.08984375 0.345703125 0.0810546875 0.138671875
0 0.0810546875 0.306640625 0.07421875 0.1396484375
0 0.0693359375 0.2734375 0.0673828125 0.1630859375
0 0.248046875 0.4658203125 0.1337890625 0.134765625
0 0.27734375 0.228515625 0.11328125 0.1259765625
0 0.21875 0.2158203125 0.0263671875 0.11328125
0 0.3662109375 0.06640625 0.107421875 0.1328125
0 0.39453125 0.5126953125 0.1240234375 0.1328125
0 0.3017578125 0.7939453125 0.158203125 0.267578125
0 0.2861328125 0.6923828125 0.1533203125 0.197265625
0 0.24609375 0.6484375 0.1181640625 0.2041015625
0 0.81640625 0.748046875 0.1240234375 0.1513671875
0 0.890625 0.759765625 0.0390625 0.1611328125
0 0.794921875 0.48046875 0.1181640625 0.1533203125
0 0.6298828125 0.4287109375 0.1162109375 0.1396484375