0 0.2451171875 0.1552734375 0.1142578125 0.146484375
0 0.1787109375 0.1513671875 0.0263671875 0.1337890625
0 0.4169921875 0.2802734375 0.08203125 0.2099609375
0 0.38671875 0.3251953125 0.0869140625 0.20703125
0 0.38671875 0.45703125 0.0849609375 0.0595703125
0 0.3876953125 0.6015625 0.0859375 0.208984375
0 0.365234375 0.669921875 0.087890625 0.2236328125
0 0.3095703125 0.95703125 0.1201171875 0.0859375
0 0.2138671875 0.9560546875 0.0859375 0.0869140625
0 0.6181640625 0.705078125 0.1201171875 0.154296875
0 0.62109375 0.5244140625 0.1220703125 0.158203125
0 0.689453125 0.521484375 0.0283203125 0.1552734375
0 0.669921875 0.2890625 0.087890625 0.212890625
0 0.642578125 0.2392578125 0.0869140625 0.208984375
0 0.4306640625 0.0498046875 0.080078125 0.099609375
0 0.7744140625 0.85546875 0.1103515625 0.1494140625