0 0.256120527306968 0.4721426174496644 0.15869397363465157 0.628770134228188 0.2184557438794727 0.7474278523489932 0.3188954802259887 0.5822298657718121 0.256120527306968 0.4721426174496644
0 0.3485244821092278 0.6967919463087249 0.2581290018832391 0.7522835570469798 0.2868804143126177 0.9823271812080536 0.3786563088512241 0.9223372483221476 0.3485244821092278 0.6967919463087249
0 0.4228502824858757 0.31014429530201343 0.3470178907721281 0.3906963087248322 0.4168239171374764 0.5606258389261745 0.4931572504708097 0.47930201342281875 0.4228502824858757 0.31014429530201343
0 0.4785941619585687 0.19379194630872482 0.408286252354049 0.27971308724832217 0.48022598870056493 0.44093959731543625 0.5489011299435028 0.34773489932885904 0.4785941619585687 0.19379194630872482
0 0.5408662900188324 0.10429026845637583 0.47809133709981166 0.18842114093959733 0.5524171374764595 0.34362416107382554 0.6227241054613936 0.2564429530201342 0.5408662900188324 0.10429026845637583
0 0.655367231638418 0.025528523489932887 0.5855621468926553 0.10160402684563757 0.6518521657250471 0.2627080536912752 0.7256751412429379 0.18842114093959733 0.655367231638418 0.025528523489932887
0 0.586942561205273 0.10984395973154362 0.6568738229755179 0.02821308724832215 0.6387947269303201 0 0.5699934086629002 0.06759395973154363 0.586942561205273 0.10984395973154362
0 0.40627777777777774 0.6251912751677852 0.38819868173258004 0.6520419463087248 0.4670433145009416 0.8335570469798658 0.4891403013182674 0.7970352348993288 0.40627777777777774 0.6251912751677852
0 0.3851854990583804 0.6484614093959732 0.3741365348399247 0.6600973154362416 0.4539858757062146 0.8435755033557047 0.4670433145009416 0.8364161073825503 0.3851854990583804 0.6484614093959732
0 0.3761459510357815 0.6565167785234899 0.35856873822975516 0.6851577181208053 0.4293785310734463 0.8775872483221476 0.4534839924670433 0.8453657718120805 0.3761459510357815 0.6565167785234899
0 0.35555555555555557 0.6869479865771811 0.4072815442561205 0.9223372483221476 0.43640960451977395 0.8874312080536912 0.35555555555555557 0.6869479865771811
0 0.3595734463276836 0.6896325503355705 0.34500941619585684 0.7003724832214765 0.3801629001883239 0.9142818791946309 0.3414943502824858 0.9465033557046979 0.3509105461393597 0.9856828859060403 0.4087881355932203 0.9366577181208054 0.3595734463276836 0.6896325503355705