0 0.2724609375 0.234375 0.09765625 0.0830078125
0 0.09765625 0.2265625 0.1064453125 0.087890625
0 0.189453125 0.228515625 0.0673828125 0.0712890625
0 0.1455078125 0.3134765625 0.1162109375 0.107421875
0 0.197265625 0.3193359375 0.0625 0.1025390625
0 0.21875 0.328125 0.0537109375 0.1142578125
0 0.240234375 0.32421875 0.0537109375 0.10546875
0 0.0458984375 0.3330078125 0.091796875 0.0927734375
0 0.033203125 0.3232421875 0.06640625 0.0986328125
0 0.47265625 0.400390625 0.1376953125 0.0927734375
0 0.6494140625 0.4443359375 0.119140625 0.123046875
0 0.62109375 0.4150390625 0.0849609375 0.1240234375
0 0.6181640625 0.3388671875 0.0888671875 0.0361328125
0 0.44921875 0.255859375 0.083984375 0.0927734375
0 0.5458984375 0.2568359375 0.1064453125 0.115234375