0 0.08465116279069768 0.5749741468459152 0.1888372093023256 0.5925542916235781 0.1944186046511628 0.5842812823164426 0.20651162790697675 0.4943123061013444 0.19813953488372094 0.48914167528438474 0.08465116279069768 0.46845915201654603 0.07627906976744186 0.49224405377456054 0.06604651162790698 0.5553257497414685 0.06790697674418605 0.5687693898655637 0.08465116279069768 0.5749741468459152
0 0.2734883720930233 0.18510858324715618 0.37023255813953493 0.2378490175801448 0.3841860465116279 0.23991726990692866 0.41953488372093023 0.16752843846949328 0.4213953488372093 0.15511892450879008 0.32651162790697674 0.09720785935884178 0.3106976744186047 0.09307135470527406 0.2762790697674419 0.1613236814891417 0.27069767441860465 0.17476732161323683 0.2734883720930233 0.18510858324715618
0 0.5348837209302326 0.1582213029989659 0.5432558139534884 0.16028955532574976 0.5879069767441861 0.15201654601861428 0.6158139534883721 0.14581178903826267 0.6223255813953489 0.13960703205791108 0.626046511627907 0.09617373319544985 0.6269767441860465 0.03619441571871768 0.6241860465116279 0.02585315408479835 0.5813953488372093 0.03929679420889349 0.5758139534883722 0.059979317476732165 0.5646511627906977 0.06825232678386764 0.5544186046511628 0.06514994829369183 0.5488372093023256 0.05377456049638056 0.5358139534883721 0.04860392967942089 0.5330232558139535 0.07032057911065151 0.5311627906976745 0.14477766287487073 0.5348837209302326 0.1582213029989659
0 0.6790697674418605 0.23474663908996898 0.7748837209302326 0.29782833505687695 0.7832558139534884 0.2936918304033092 0.8009302325581396 0.25542916235780766 0.813953488372093 0.24198552223371253 0.8195348837209303 0.22026887280248192 0.8074418604651163 0.20268872802481905 0.7925581395348837 0.19441571871768357 0.7823255813953489 0.18200620475698037 0.7758139534883721 0.18097207859358844 0.7200000000000001 0.14167528438469495 0.6772093023255814 0.21613236814891418 0.6753488372093024 0.22647362978283353 0.6790697674418605 0.23474663908996898
0 0.8176744186046512 0.23474663908996898 0.7990697674418605 0.2626680455015512 0.7888372093023256 0.2905894519131334 0.813953488372093 0.30610134436401243 0.8279069767441861 0.282316442605998 0.8306976744186046 0.2688728024819028 0.8344186046511628 0.26680455015511895 0.852093023255814 0.2223371251292658 0.8455813953488373 0.2109617373319545 0.8102325581395349 0.1954498448810755 0.8018604651162791 0.1954498448810755 0.8213953488372093 0.21820062047569805 0.8176744186046512 0.23474663908996898
0 0.6427906976744187 0.45915201654601867 0.7106976744186047 0.5118924508790073 0.7255813953488373 0.49224405377456054 0.7441860465116279 0.45294725956566706 0.758139534883721 0.4343329886246122 0.7693023255813954 0.40124095139607036 0.7618604651162791 0.3784901758014478 0.7227906976744186 0.3453981385729059 0.7097674418604651 0.34022750775594623 0.6688372093023256 0.3940020682523268 0.6632558139534884 0.40744570837642197 0.6362790697674419 0.4457083764219235 0.6353488372093024 0.4519131334022751 0.6427906976744187 0.45915201654601867
0 0.7646511627906977 0.48397104446742506 0.7897674418604652 0.42088934850051707 0.8 0.40744570837642197 0.7869767441860466 0.40124095139607036 0.7776744186046513 0.40641158221303003 0.7441860465116279 0.4653567735263702 0.746046511627907 0.4756980351602896 0.7646511627906977 0.48397104446742506
0 0.7832558139534884 0.4963805584281283 0.8111627906976745 0.41882109617373325 0.8093023255813954 0.41261633919338164 0.8027906976744187 0.4105480868665978 0.7953488372093024 0.4177869700103413 0.7869767441860466 0.4488107549120993 0.770232558139535 0.48086866597724925 0.7683720930232558 0.4881075491209928 0.7832558139534884 0.4963805584281283
0 0.7934883720930233 0.5056876938986556 0.798139534883721 0.5025853154084798 0.8316279069767443 0.42605997931747674 0.8288372093023256 0.42088934850051707 0.812093023255814 0.4177869700103413 0.7888372093023256 0.48707342295760087 0.7869767441860466 0.500517063081696 0.7934883720930233 0.5056876938986556
0 0.8055813953488372 0.5191313340227508 0.813953488372093 0.5243019648397105 0.8279069767441861 0.5253360910031024 0.8558139534883722 0.46122026887280254 0.8595348837209302 0.4426059979317477 0.838139534883721 0.4301964839710445 0.8316279069767443 0.4312306101344364 0.8018604651162791 0.5036194415718718 0.8009302325581396 0.5108583247156153 0.8055813953488372 0.5191313340227508
0 0.8306976744186046 0.4167528438469494 0.8455813953488373 0.3764219234746639 0.8427906976744186 0.3691830403309204 0.758139534883721 0.33195449844881075 0.7488372093023257 0.3547052740434333 0.7506976744186047 0.3660806618407446 0.8306976744186046 0.4167528438469494
0 0.9479069767441861 0.6297828335056878 0.9600000000000001 0.626680455015512 0.9748837209302326 0.5904860392967942 0.9813953488372094 0.5491209927611169 0.9934883720930233 0.5305067218200621 0.9990697674418605 0.5077559462254395 0.9311627906976745 0.47156153050672184 0.9209302325581395 0.46949327817993797 0.9144186046511629 0.4798345398138573 0.8827906976744186 0.5801447776628749 0.8818604651162791 0.6018614270941055 0.9479069767441861 0.6297828335056878
0 0.92 0.43743536711478803 0.9990697674418605 0.47776628748707345 0.9990697674418605 0.3691830403309204 0.9562790697674419 0.34643226473629785 0.9311627906976745 0.3960703205791107 0.9190697674418605 0.4270941054808687 0.92 0.43743536711478803
0 0.7544186046511628 0.02171664943123061 0.7795348837209303 0.06308169596690796 0.8065116279069768 0.09307135470527406 0.8251162790697675 0.12099276111685627 0.838139534883721 0.1158221302998966 0.8688372093023257 0.0827300930713547 0.8827906976744186 0.07652533609100311 0.8874418604651163 0.07032057911065151 0.8883720930232558 0.05894519131334023 0.876279069767442 0.04239917269906929 0.8706976744186047 0.01861427094105481 0.7637209302325582 0.017580144777662877 0.7544186046511628 0.01861427094105481 0.7544186046511628 0.02171664943123061