0 0.83203125 0.193359375 0.1005859375 0.283203125
0 0.86328125 0.3310546875 0.095703125 0.1142578125
0 0.83984375 0.3623046875 0.103515625 0.109375
0 0.53125 0.3310546875 0.1123046875 0.2763671875
0 0.3916015625 0.3720703125 0.1455078125 0.19140625
0 0.6385998107852412 0.6993243243243243 0.6423841059602649 0.7060810810810811 0.6537369914853358 0.7060810810810811 0.7322611163670766 0.6841216216216217 0.7350993377483444 0.6570945945945946 0.7171239356669821 0.4594594594594595 0.7123935666982024 0.45270270270270274 0.7029328287606433 0.45270270270270274 0.6244087038789026 0.47635135135135137 0.6234626300851467 0.5016891891891893 0.6385998107852412 0.6993243243243243
0 0.5364238410596026 0.7466216216216217 0.5534531693472091 0.7466216216216217 0.6263008514664143 0.731418918918919 0.6272469252601703 0.6976351351351352 0.6121097445600757 0.49831081081081086 0.533585619678335 0.5084459459459459 0.5231788079470199 0.5152027027027027 0.533585619678335 0.7415540540540541 0.5364238410596026 0.7466216216216217
0 0.423841059602649 0.7449324324324325 0.42857142857142855 0.7652027027027027 0.4399243140964995 0.7685810810810811 0.5193945127719962 0.7533783783783784 0.522232734153264 0.7398648648648649 0.5080416272469253 0.5236486486486487 0.4900662251655629 0.5202702702702703 0.41721854304635764 0.535472972972973 0.4153263954588458 0.5692567567567568 0.423841059602649 0.7449324324324325
0 0.3415326395458846 0.8023648648648649 0.4181646168401135 0.7770270270270271 0.41721854304635764 0.7195945945945946 0.4030274361400189 0.5523648648648649 0.38789025543992434 0.5489864864864865 0.3140964995269631 0.5641891891891893 0.31031220435193946 0.5709459459459459 0.3254493850520341 0.7972972972972974 0.3415326395458846 0.8023648648648649
0 0.255859375 0.748046875 0.10546875 0.2548828125
0 0.24609375 0.587890625 0.1015625 0.0927734375
0 0.244140625 0.51953125 0.099609375 0.0859375
0 0.2451171875 0.4560546875 0.099609375 0.0595703125
0 0.2509765625 0.3935546875 0.1025390625 0.0849609375
0 0.240234375 0.3203125 0.1083984375 0.1064453125