0 0.529296875 0.19921875 0.10546875 0.13671875
0 0.16796875 0.55078125 0.158203125 0.125
0 0.6923828125 0.4208984375 0.1396484375 0.1337890625
0 0.765625 0.45703125 0.056640625 0.1162109375
0 0.7919921875 0.466796875 0.0419921875 0.1220703125
0 0.8203125 0.47265625 0.052734375 0.1171875
0 0.8427734375 0.4990234375 0.0537109375 0.1025390625
0 0.869140625 0.5146484375 0.0595703125 0.099609375
0 0.85546875 0.431640625 0.0693359375 0.05859375
0 0.7939453125 0.2763671875 0.15234375 0.1083984375
0 0.8642578125 0.2314453125 0.0927734375 0.0654296875
0 0.791015625 0.0673828125 0.1484375 0.134765625
0 0.875 0.0986328125 0.095703125 0.083984375