0 0.4111328125 0.4638671875 0.134765625 0.1298828125
0 0.337890625 0.45703125 0.0283203125 0.1162109375
0 0.3173828125 0.4619140625 0.021484375 0.126953125
0 0.2958984375 0.4619140625 0.0283203125 0.12890625
0 0.27734375 0.45703125 0.0302734375 0.1162109375
0 0.251953125 0.4599609375 0.0244140625 0.1171875
0 0.1171875 0.240234375 0.142578125 0.1181640625
0 0.1298828125 0.470703125 0.1337890625 0.111328125
0 0.3134765625 0.595703125 0.1337890625 0.11328125
0 0.1015625 0.880859375 0.1328125 0.109375
0 0.7763671875 0.3125 0.1396484375 0.1474609375
0 0.7763671875 0.1171875 0.1328125 0.087890625
0 0.9228515625 0.0966796875 0.08984375 0.134765625
0 0.896484375 0.470703125 0.1337890625 0.119140625