0 0.138671875 0.8115234375 0.1123046875 0.23828125
0 0.140625 0.634765625 0.0908203125 0.091796875
0 0.259765625 0.5537109375 0.134765625 0.2421875
0 0.3408203125 0.728515625 0.140625 0.1640625
0 0.3818359375 0.55078125 0.1357421875 0.19921875
0 0.447265625 0.419921875 0.12109375 0.1259765625
0 0.421875 0.38671875 0.119140625 0.1240234375
0 0.384765625 0.3544921875 0.115234375 0.1298828125
0 0.361328125 0.296875 0.1103515625 0.1318359375
0 0.345703125 0.2685546875 0.1181640625 0.119140625
0 0.34765625 0.1865234375 0.1240234375 0.1064453125
0 0.34375 0.146484375 0.1220703125 0.1044921875
0 0.2333984375 0.076171875 0.115234375 0.11328125
0 0.1728515625 0.07421875 0.0380859375 0.119140625
0 0.212890625 0.2392578125 0.0859375 0.1298828125
0 0.2373046875 0.3515625 0.091796875 0.140625
0 0.2255859375 0.4345703125 0.0615234375 0.068359375
0 0.140625 0.341796875 0.0986328125 0.216796875
0 0.1376953125 0.2451171875 0.078125 0.11328125
0 0.13671875 0.197265625 0.0751953125 0.107421875
0 0.1181640625 0.1767578125 0.0693359375 0.1171875
0 0.8427734375 0.373046875 0.1162109375 0.134765625
0 0.7607421875 0.025390625 0.099609375 0.05078125
0 0.732421875 0.6826171875 0.1201171875 0.1669921875
0 0.8154296875 0.6865234375 0.0439453125 0.162109375
0 0.83984375 0.6875 0.041015625 0.1708984375
0 0.8642578125 0.7001953125 0.0380859375 0.1630859375
0 0.888671875 0.6845703125 0.0478515625 0.1640625
0 0.923828125 0.701171875 0.052734375 0.162109375