0 0.166015625 0.6962890625 0.1533203125 0.2607421875
0 0.3642578125 0.349609375 0.091796875 0.1953125
0 0.4677734375 0.31640625 0.083984375 0.19140625
0 0.4638671875 0.5654296875 0.099609375 0.236328125
0 0.5986328125 0.525390625 0.095703125 0.216796875
0 0.6103515625 0.3994140625 0.0908203125 0.087890625
0 0.60546875 0.36328125 0.08984375 0.0791015625
0 0.6044921875 0.322265625 0.095703125 0.0537109375
0 0.6103515625 0.275390625 0.0947265625 0.0830078125
0 0.607421875 0.2275390625 0.0888671875 0.064453125
0 0.6103515625 0.185546875 0.08203125 0.0537109375
0 0.7021484375 0.4375 0.0986328125 0.228515625
0 0.703125 0.3232421875 0.087890625 0.0947265625
0 0.7001953125 0.267578125 0.087890625 0.0595703125
0 0.6962890625 0.2158203125 0.0869140625 0.0478515625