0 0.1162109375 0.716796875 0.177734375 0.2001953125
0 0.12890625 0.6015625 0.119140625 0.1484375
0 0.1591796875 0.529296875 0.1572265625 0.17578125
0 0.455078125 0.3076171875 0.12109375 0.1484375
0 0.380859375 0.2998046875 0.0380859375 0.1298828125
0 0.353515625 0.30078125 0.0244140625 0.1484375
0 0.33203125 0.322265625 0.03515625 0.1572265625
0 0.310546875 0.3046875 0.0234375 0.1396484375
0 0.287109375 0.328125 0.029296875 0.150390625
0 0.4453125 0.1357421875 0.0869140625 0.1884765625
0 0.4501953125 0.14453125 0.1328125 0.1357421875
0 0.3740234375 0.1376953125 0.0322265625 0.1318359375
0 0.3447265625 0.13671875 0.0419921875 0.1240234375
0 0.3203125 0.130859375 0.033203125 0.1083984375
0 0.65234375 0.275390625 0.1396484375 0.1494140625
0 0.6826171875 0.6171875 0.1591796875 0.18359375
0 0.89453125 0.6025390625 0.158203125 0.0712890625
0 0.8818359375 0.51953125 0.1396484375 0.1005859375
0 0.859375 0.4150390625 0.169921875 0.15625
0 0.865234375 0.345703125 0.146484375 0.087890625
0 0.8427734375 0.2802734375 0.1484375 0.0859375
0 0.8349609375 0.2138671875 0.142578125 0.0859375
0 0.8154296875 0.1455078125 0.14453125 0.083984375
0 0.8046875 0.0546875 0.125 0.109375