0 0.3642578125 0.0673828125 0.1142578125 0.1337890625
0 0.2783203125 0.2255859375 0.1142578125 0.119140625
0 0.2099609375 0.2099609375 0.0224609375 0.123046875
0 0.033203125 0.3701171875 0.06640625 0.19140625
0 0.396484375 0.34375 0.115234375 0.1494140625
0 0.3916015625 0.515625 0.115234375 0.1474609375
0 0.251953125 0.5703125 0.1455078125 0.2470703125
0 0.36328125 0.75390625 0.1376953125 0.265625
0 0.740234375 0.916015625 0.0703125 0.16796875
0 0.814453125 0.7431640625 0.1259765625 0.158203125
0 0.890625 0.75390625 0.0361328125 0.154296875
0 0.7939453125 0.5380859375 0.119140625 0.15625
0 0.7783203125 0.4384765625 0.0986328125 0.1962890625
0 0.6455078125 0.392578125 0.1259765625 0.1455078125
0 0.685546875 0.0458984375 0.1015625 0.091796875