0 0.2607421875 0.572265625 0.1328125 0.1298828125
0 0.26953125 0.6943359375 0.0634765625 0.1220703125
0 0.2080078125 0.9501953125 0.1650390625 0.099609375
0 0.353515625 0.1689453125 0.11328125 0.0615234375
0 0.3525390625 0.2578125 0.115234375 0.1240234375
0 0.37109375 0.2861328125 0.1025390625 0.1220703125
0 0.3955078125 0.3232421875 0.1083984375 0.12109375
0 0.419921875 0.3720703125 0.111328125 0.1240234375
0 0.490234375 0.3779296875 0.0322265625 0.0703125
0 0.609375 0.2431640625 0.1171875 0.1357421875
0 0.6787109375 0.23828125 0.0361328125 0.1376953125
0 0.7021484375 0.23828125 0.0361328125 0.1416015625
0 0.724609375 0.2373046875 0.0302734375 0.1513671875
0 0.7470703125 0.240234375 0.0322265625 0.1376953125
0 0.6552734375 0.44140625 0.09375 0.1962890625
0 0.7197265625 0.443359375 0.05078125 0.1484375
0 0.6513671875 0.615234375 0.1259765625 0.1591796875
0 0.7314453125 0.6201171875 0.04296875 0.1650390625
0 0.609375 0.8193359375 0.1279296875 0.1689453125
0 0.6865234375 0.8125 0.0361328125 0.177734375
0 0.712890625 0.8056640625 0.03125 0.1806640625
0 0.748046875 0.80078125 0.046875 0.1923828125
0 0.8427734375 0.8447265625 0.1328125 0.193359375
0 0.919921875 0.826171875 0.0546875 0.18359375
0 0.8623046875 0.6005859375 0.09765625 0.10546875
0 0.8466796875 0.498046875 0.10546875 0.1171875
0 0.8359375 0.3603515625 0.107421875 0.1845703125
0 0.7548828125 0.0439453125 0.126953125 0.087890625