0 0.080078125 0.5478515625 0.1552734375 0.13671875
0 0.294921875 0.517578125 0.12890625 0.125
0 0.3525390625 0.2578125 0.08203125 0.1298828125
0 0.3095703125 0.263671875 0.0361328125 0.1044921875
0 0.29296875 0.26171875 0.0302734375 0.0986328125
0 0.275390625 0.2666015625 0.029296875 0.099609375
0 0.2607421875 0.26953125 0.0400390625 0.1083984375
0 0.2119140625 0.1181640625 0.0947265625 0.072265625
0 0.158203125 0.1123046875 0.0380859375 0.0751953125
0 0.5673828125 0.3056640625 0.0947265625 0.1083984375
0 0.67578125 0.2861328125 0.09375 0.095703125
0 0.7001953125 0.43359375 0.0986328125 0.1123046875
0 0.7333984375 0.689453125 0.1298828125 0.18359375
0 0.7958984375 0.6552734375 0.0595703125 0.1435546875
0 0.689453125 0.1240234375 0.078125 0.0810546875
0 0.681640625 0.158203125 0.0849609375 0.078125
0 0.6669921875 0.0986328125 0.0654296875 0.04296875
0 0.2734375 0.0419921875 0.0546875 0.083984375
0 0.0791015625 0.9111328125 0.158203125 0.173828125
0 0.162109375 0.923828125 0.0615234375 0.1513671875
0 0.1025390625 0.81640625 0.138671875 0.076171875
0 0.1826171875 0.8232421875 0.0263671875 0.06640625