0 0.2001953125 0.1455078125 0.1259765625 0.119140625
0 0.2314453125 0.40625 0.1279296875 0.1171875
0 0.2080078125 0.537109375 0.1357421875 0.1279296875
0 0.1865234375 0.7265625 0.1318359375 0.169921875
0 0.1337890625 0.9140625 0.1533203125 0.171875
0 0.712890625 0.0380859375 0.09375 0.076171875
0 0.783203125 0.25390625 0.1064453125 0.1201171875
0 0.7890625 0.3173828125 0.1064453125 0.0732421875
0 0.796875 0.365234375 0.1064453125 0.033203125
0 0.7958984375 0.4443359375 0.083984375 0.138671875
0 0.8095703125 0.486328125 0.11328125 0.1279296875
0 0.8203125 0.5751953125 0.1171875 0.07421875
0 0.6513671875 0.4853515625 0.1083984375 0.1171875
0 0.6650390625 0.388671875 0.0732421875 0.0751953125
0 0.6650390625 0.6630859375 0.115234375 0.1337890625
0 0.8662109375 0.71875 0.1162109375 0.140625