0 0.3720703125 0.341796875 0.1376953125 0.091796875
0 0.39453125 0.513671875 0.0849609375 0.1494140625
0 0.3359375 0.5126953125 0.052734375 0.103515625
0 0.30078125 0.509765625 0.0390625 0.1015625
0 0.1552734375 0.5927734375 0.115234375 0.1064453125
0 0.1572265625 0.68359375 0.123046875 0.037109375
0 0.150390625 0.7490234375 0.1279296875 0.1005859375
0 0.1669921875 0.890625 0.125 0.107421875
0 0.4013671875 0.703125 0.1181640625 0.0927734375
0 0.6689453125 0.39453125 0.0830078125 0.1318359375
0 0.8330078125 0.4130859375 0.1083984375 0.0908203125
0 0.84375 0.4609375 0.10546875 0.0986328125
0 0.955078125 0.5380859375 0.0888671875 0.1416015625
0 0.8349609375 0.095703125 0.12109375 0.0849609375
0 0.892578125 0.080078125 0.033203125 0.095703125