0 0.3037109375 0.6259765625 0.1240234375 0.1630859375
0 0.072265625 0.568359375 0.138671875 0.2041015625
0 0.111328125 0.908203125 0.177734375 0.1806640625
0 0.341796875 0.40625 0.115234375 0.12890625
0 0.140625 0.3955078125 0.1123046875 0.119140625
0 0.1484375 0.1005859375 0.0400390625 0.064453125
0 0.2099609375 0.09765625 0.09375 0.05859375
0 0.5556640625 0.2880859375 0.07421875 0.1298828125
0 0.732421875 0.681640625 0.12890625 0.1708984375
0 0.7978515625 0.66015625 0.05859375 0.146484375
0 0.734375 0.333984375 0.0849609375 0.166015625
0 0.7275390625 0.1923828125 0.0908203125 0.1611328125