0 0.2109375 0.3310546875 0.126953125 0.12890625
0 0.2705078125 0.1552734375 0.1162109375 0.1162109375
0 0.2041015625 0.154296875 0.041015625 0.1181640625
0 0.4150390625 0.2705078125 0.109375 0.1201171875
0 0.3505859375 0.2626953125 0.03125 0.1142578125
0 0.41015625 0.537109375 0.119140625 0.12890625
0 0.3408203125 0.529296875 0.0283203125 0.1435546875
0 0.31640625 0.5205078125 0.0341796875 0.1494140625
0 0.287109375 0.5263671875 0.0322265625 0.1572265625
0 0.26171875 0.53125 0.0400390625 0.146484375
0 0.2685546875 0.8955078125 0.1044921875 0.2080078125
0 0.7431640625 0.263671875 0.0693359375 0.1669921875
0 0.78515625 0.3095703125 0.0693359375 0.1533203125
0 0.775390625 0.681640625 0.119140625 0.1416015625
0 0.8173828125 0.7080078125 0.115234375 0.1494140625
0 0.7158203125 0.8779296875 0.087890625 0.244140625
0 0.642578125 0.4951171875 0.1181640625 0.1484375
0 0.634765625 0.37109375 0.125 0.1376953125
0 0.62109375 0.2822265625 0.11328125 0.1376953125