0 0.203125 0.5908203125 0.1083984375 0.24609375
0 0.203125 0.427734375 0.103515625 0.10546875
0 0.2001953125 0.3525390625 0.1015625 0.060546875
0 0.19921875 0.3134765625 0.10546875 0.044921875
0 0.1982421875 0.21875 0.1025390625 0.1708984375
0 0.2041015625 0.1279296875 0.099609375 0.0908203125
0 0.3271484375 0.2548828125 0.1533203125 0.1904296875
0 0.3427734375 0.3828125 0.099609375 0.0888671875
0 0.353515625 0.5009765625 0.14453125 0.18359375
0 0.3388671875 0.7421875 0.140625 0.1923828125
0 0.462890625 0.7109375 0.107421875 0.2568359375
0 0.486328125 0.4287109375 0.103515625 0.2470703125
0 0.4580078125 0.19140625 0.1044921875 0.2529296875
0 0.5556640625 0.3876953125 0.0654296875 0.232421875
0 0.6279296875 0.3173828125 0.0947265625 0.232421875
0 0.7841796875 0.2705078125 0.12109375 0.2568359375
0 0.8134765625 0.42578125 0.0947265625 0.0908203125
0 0.6328125 0.533203125 0.140625 0.20703125
0 0.6259765625 0.6103515625 0.1416015625 0.1923828125