0 0.2958984375 0.0615234375 0.0673828125 0.1103515625
0 0.205078125 0.1201171875 0.09375 0.1015625
0 0.1474609375 0.11328125 0.0400390625 0.0927734375
0 0.083984375 0.9208984375 0.16796875 0.158203125
0 0.7783203125 0.69921875 0.107421875 0.15234375
0 0.5673828125 0.5029296875 0.0986328125 0.12109375
0 0.634765625 0.5078125 0.03125 0.138671875
0 0.6669921875 0.50390625 0.0419921875 0.1337890625
0 0.6884765625 0.509765625 0.033203125 0.125
0 0.7099609375 0.3662109375 0.0869140625 0.111328125
0 0.5556640625 0.33203125 0.091796875 0.11328125
0 0.615234375 0.33203125 0.029296875 0.1162109375
0 0.6396484375 0.33203125 0.0205078125 0.1123046875
0 0.6728515625 0.205078125 0.0791015625 0.0732421875
0 0.6650390625 0.0927734375 0.0712890625 0.0654296875
0 0.6484375 0.0712890625 0.072265625 0.078125
0 0.6982421875 0.06640625 0.033203125 0.0703125