0 0.3134765625 0.384765625 0.150390625 0.1220703125
0 0.2802734375 0.357421875 0.1513671875 0.1123046875
0 0.298828125 0.5439453125 0.1533203125 0.130859375
0 0.2646484375 0.5185546875 0.15234375 0.1171875
0 0.3115234375 0.75 0.1513671875 0.12109375
0 0.3291015625 0.7099609375 0.1767578125 0.09765625
0 0.3271484375 0.66015625 0.154296875 0.060546875
0 0.1162109375 0.884765625 0.17578125 0.1298828125
0 0.765625 0.92578125 0.1123046875 0.1474609375
0 0.869140625 0.791015625 0.1669921875 0.1044921875
0 0.9658203125 0.7919921875 0.0439453125 0.107421875
0 0.9365234375 0.7060546875 0.1201171875 0.0849609375
0 0.830078125 0.314453125 0.1142578125 0.158203125
0 0.9267578125 0.31640625 0.0869140625 0.158203125
0 0.9130859375 0.1064453125 0.173828125 0.15234375