0 0.03981042654028436 0.3151618398637138 0.04454976303317536 0.3253833049403748 0.07393364928909953 0.3151618398637138 0.09004739336492891 0.25212947189097107 0.0995260663507109 0.2333901192504259 0.14218009478672985 0.2402044293015332 0.17251184834123223 0.23679727427597955 0.16587677725118483 0.17717206132879046 0.15924170616113745 0.14991482112436116 0.034123222748815164 0.20272572402044292 0.03601895734597157 0.27597955706984667 0.03981042654028436 0.3151618398637138
0 0.06445497630331753 0.4565587734241908 0.16398104265402844 0.46848381601362865 0.16208530805687205 0.43781942078364566 0.16966824644549763 0.40545144804088584 0.17345971563981044 0.3594548551959114 0.1819905213270142 0.33049403747870526 0.19146919431279621 0.24701873935264054 0.1071090047393365 0.2333901192504259 0.09763033175355451 0.23679727427597955 0.055924170616113746 0.3833049403747871 0.04834123222748815 0.43100511073253833 0.06445497630331753 0.4565587734241908
0 0.18862559241706162 0.42078364565587734 0.28246445497630335 0.43100511073253833 0.2890995260663507 0.41567291311754684 0.29289099526066353 0.3730834752981261 0.2786729857819905 0.36626916524701875 0.28056872037914693 0.3441226575809199 0.26635071090047396 0.323679727427598 0.25781990521327014 0.31686541737649065 0.22914691943127963 0.3151618398637138 0.21990521327014217 0.2879045996592845 0.22085308056872038 0.2708688245315162 0.22559241706161137 0.2606473594548552 0.22369668246445498 0.24361158432708688 0.2132701421800948 0.27427597955706984 0.2113744075829384 0.31175468483816016 0.2028436018957346 0.31686541737649065 0.19241706161137442 0.3833049403747871 0.18578199052132702 0.4020442930153322 0.1848341232227488 0.41396933560477 0.18862559241706162 0.42078364565587734
0 0.22085308056872038 0.313458262350937 0.27014218009478674 0.31686541737649065 0.26445497630331755 0.28620102214650767 0.2502369668246446 0.30664395229982966 0.23507109004739338 0.3049403747870528 0.22369668246445498 0.24361158432708688 0.2218009478672986 0.2606473594548552 0.209478672985782 0.28449744463373083 0.2085308056872038 0.30664395229982966 0.22085308056872038 0.313458262350937
0 0.2786729857819905 0.3424190800681431 0.28151658767772514 0.3492333901192504 0.2786729857819905 0.3628620102214651 0.28151658767772514 0.36626916524701875 0.39620853080568724 0.3628620102214651 0.4056872037914692 0.36115843270868825 0.409478672985782 0.3526405451448041 0.4104265402843602 0.24361158432708688 0.4075829383886256 0.22998296422487224 0.39620853080568724 0.22487223168654175 0.3706161137440758 0.2333901192504259 0.37819905213270144 0.2657580919931857 0.37725118483412323 0.28109028960817717 0.36777251184834125 0.29471890971039183 0.35639810426540286 0.2879045996592845 0.33933649289099527 0.23509369676320274 0.3251184834123223 0.2333901192504259 0.3251184834123223 0.2572402044293015 0.33838862559241706 0.3083475298126065 0.3364928909952607 0.32197614991482115 0.3289099526066351 0.33560477001703576 0.3127962085308057 0.32197614991482115 0.2995260663507109 0.27427597955706984 0.29289099526066353 0.26405451448040884 0.2995260663507109 0.3253833049403748 0.2786729857819905 0.3424190800681431
0 0.414218009478673 0.44122657580919933 0.48056872037914694 0.44804088586030666 0.5052132701421801 0.44293015332197616 0.5099526066350711 0.4020442930153322 0.5061611374407583 0.27938671209540034 0.5023696682464455 0.2776831345826235 0.49763033175355453 0.28960817717206133 0.4777251184834123 0.303236797274276 0.46540284360189577 0.2879045996592845 0.4720379146919431 0.2538330494037479 0.418957345971564 0.25212947189097107 0.4104265402843602 0.3798977853492334 0.4104265402843602 0.434412265758092 0.414218009478673 0.44122657580919933
0 0.39526066350710903 0.7836456558773425 0.4492890995260664 0.7904599659284498 0.5052132701421801 0.7870528109028961 0.5109004739336493 0.7035775127768313 0.5071090047393365 0.5400340715502555 0.48056872037914694 0.5332197614991482 0.4075829383886256 0.5332197614991482 0.4037914691943128 0.5468483816013628 0.3924170616113744 0.7120954003407155 0.38957345971563984 0.7700170357751278 0.39526066350710903 0.7836456558773425
0 0.5535545023696683 0.6507666098807496 0.5611374407582939 0.8194207836456558 0.5687203791469194 0.82793867120954 0.5838862559241706 0.8313458262350937 0.6748815165876777 0.82793867120954 0.6597156398104266 0.5843270868824532 0.6540284360189573 0.5741056218057922 0.637914691943128 0.5706984667802385 0.5563981042654028 0.5741056218057922 0.5535545023696683 0.5826235093696763 0.5535545023696683 0.6507666098807496
0 0.6549763033175355 0.565587734241908 0.6549763033175355 0.5519591141396933 0.64739336492891 0.5315161839863713 0.5545023696682465 0.534923339011925 0.5563981042654028 0.565587734241908 0.6549763033175355 0.565587734241908
0 0.5554502369668246 0.5281090289608177 0.652132701421801 0.5264054514480409 0.6502369668246446 0.5042589437819421 0.6426540284360189 0.49233390119250425 0.557345971563981 0.49233390119250425 0.5526066350710901 0.4940374787052811 0.5554502369668246 0.5281090289608177
0 0.6492890995260664 0.48722316865417375 0.6464454976303318 0.4616695059625213 0.6369668246445498 0.4514480408858603 0.5516587677725119 0.45826235093696766 0.5526066350710901 0.4889267461669506 0.6492890995260664 0.48722316865417375
0 0.64739336492891 0.4497444633730835 0.6445497630331753 0.41737649063032367 0.6369668246445498 0.4122657580919932 0.5507109004739337 0.41737649063032367 0.5526066350710901 0.45315161839863716 0.64739336492891 0.4497444633730835
0 0.76171875 0.322265625 0.1240234375 0.1962890625
0 0.7353515625 0.2080078125 0.091796875 0.0537109375