0 0.080078125 0.91015625 0.1591796875 0.1796875
0 0.1064453125 0.81640625 0.1396484375 0.0751953125
0 0.1572265625 0.921875 0.0732421875 0.15625
0 0.185546875 0.826171875 0.0390625 0.0712890625
0 0.107421875 0.47265625 0.1376953125 0.1416015625
0 0.3505859375 0.46484375 0.0966796875 0.1787109375
0 0.296875 0.4677734375 0.0537109375 0.126953125
0 0.2705078125 0.46875 0.037109375 0.12890625
0 0.2548828125 0.470703125 0.037109375 0.1298828125
0 0.3798828125 0.275390625 0.08203125 0.1318359375
0 0.337890625 0.279296875 0.02734375 0.099609375
0 0.322265625 0.2783203125 0.029296875 0.1015625
0 0.30859375 0.2763671875 0.029296875 0.1044921875
0 0.2890625 0.2802734375 0.033203125 0.109375
0 0.2138671875 0.1181640625 0.0966796875 0.080078125
0 0.2763671875 0.041015625 0.056640625 0.08203125
0 0.1640625 0.1142578125 0.0439453125 0.0810546875
0 0.5869140625 0.595703125 0.1103515625 0.1552734375
0 0.6533203125 0.5986328125 0.044921875 0.1279296875
0 0.697265625 0.4443359375 0.10546875 0.12109375
0 0.6826171875 0.3583984375 0.095703125 0.0625
0 0.6669921875 0.265625 0.0927734375 0.1044921875
0 0.6953125 0.0966796875 0.07421875 0.0810546875
0 0.6640625 0.0888671875 0.0703125 0.0869140625
0 0.6376953125 0.107421875 0.03515625 0.0751953125