0 0.125 0.8916015625 0.15234375 0.107421875
0 0.1298828125 0.8115234375 0.1123046875 0.1123046875
0 0.06640625 0.8486328125 0.060546875 0.14453125
0 0.283203125 0.76171875 0.146484375 0.107421875
0 0.3935546875 0.625 0.1103515625 0.1572265625
0 0.255859375 0.6240234375 0.1533203125 0.115234375
0 0.1083984375 0.494140625 0.138671875 0.1171875
0 0.3330078125 0.4765625 0.15234375 0.109375
0 0.2958984375 0.451171875 0.14453125 0.11328125
0 0.322265625 0.3154296875 0.1513671875 0.1083984375
0 0.28515625 0.3017578125 0.142578125 0.1083984375
0 0.650390625 0.2666015625 0.16796875 0.1298828125
0 0.638671875 0.3720703125 0.15625 0.123046875
0 0.6328125 0.5634765625 0.15234375 0.1142578125
0 0.72265625 0.5693359375 0.0439453125 0.1240234375
0 0.7607421875 0.572265625 0.0400390625 0.123046875
0 0.806640625 0.5732421875 0.060546875 0.1240234375
0 0.7978515625 0.931640625 0.068359375 0.13671875
0 0.890625 0.3017578125 0.1640625 0.109375
0 0.87890625 0.3740234375 0.162109375 0.068359375
0 0.880859375 0.423828125 0.166015625 0.068359375
0 0.8857421875 0.0703125 0.1689453125 0.140625