0 0.2900390625 0.6259765625 0.169921875 0.1748046875
0 0.3095703125 0.5166015625 0.1083984375 0.072265625
0 0.318359375 0.4697265625 0.095703125 0.052734375
0 0.318359375 0.4169921875 0.103515625 0.0380859375
0 0.326171875 0.37890625 0.0869140625 0.0380859375
0 0.4453125 0.6181640625 0.109375 0.234375
0 0.451171875 0.4755859375 0.0966796875 0.0634765625
0 0.4638671875 0.4267578125 0.0888671875 0.05859375
0 0.4580078125 0.3798828125 0.0927734375 0.056640625
0 0.6328125 0.5009765625 0.103515625 0.2109375
0 0.669921875 0.2802734375 0.1005859375 0.1640625
0 0.814453125 0.302734375 0.1044921875 0.1904296875