0 0.2421875 0.6044921875 0.140625 0.251953125
0 0.2265625 0.451171875 0.126953125 0.15234375
0 0.41796875 0.4091796875 0.12109375 0.16796875
0 0.3388671875 0.3935546875 0.046875 0.146484375
0 0.3759765625 0.544921875 0.125 0.15625
0 0.3642578125 0.716796875 0.1376953125 0.1728515625
0 0.2138671875 0.9189453125 0.15625 0.1611328125
0 0.23046875 0.8359375 0.146484375 0.1123046875
0 0.3623046875 0.296875 0.0888671875 0.064453125
0 0.3330078125 0.2060546875 0.0419921875 0.12890625
0 0.359375 0.205078125 0.025390625 0.1455078125
0 0.3837890625 0.2041015625 0.033203125 0.130859375
0 0.4326171875 0.2060546875 0.083984375 0.1728515625
0 0.642578125 0.4638671875 0.1240234375 0.158203125
0 0.7998046875 0.3583984375 0.119140625 0.1416015625
0 0.8203125 0.4921875 0.099609375 0.166015625
0 0.828125 0.7294921875 0.142578125 0.1689453125