0 0.2958984375 0.0634765625 0.064453125 0.09375
0 0.0830078125 0.9140625 0.166015625 0.16796875
0 0.7744140625 0.701171875 0.11328125 0.1494140625
0 0.5556640625 0.533203125 0.0673828125 0.1787109375
0 0.5634765625 0.3173828125 0.0908203125 0.1015625
0 0.6171875 0.328125 0.033203125 0.1044921875
0 0.6962890625 0.30859375 0.087890625 0.0927734375
0 0.7783203125 0.244140625 0.0849609375 0.17578125
0 0.662109375 0.2470703125 0.087890625 0.083984375
0 0.6650390625 0.10546875 0.0712890625 0.07421875
0 0.6474609375 0.07421875 0.0751953125 0.087890625
0 0.6953125 0.0673828125 0.0283203125 0.0693359375
0 0.6103515625 0.5068359375 0.025390625 0.1416015625
0 0.6357421875 0.513671875 0.02734375 0.1494140625
0 0.6669921875 0.51171875 0.03515625 0.158203125
0 0.6875 0.509765625 0.0400390625 0.1357421875