0 0.1884765625 0.2783203125 0.1123046875 0.09375
0 0.1171875 0.2763671875 0.0517578125 0.10546875
0 0.3955078125 0.3154296875 0.1044921875 0.1064453125
0 0.404296875 0.4658203125 0.1220703125 0.0966796875
0 0.333984375 0.45703125 0.0302734375 0.0986328125
0 0.30859375 0.4541015625 0.025390625 0.0986328125
0 0.2880859375 0.462890625 0.0341796875 0.0927734375
0 0.1455078125 0.732421875 0.12890625 0.10546875
0 0.1591796875 0.880859375 0.12109375 0.095703125
0 0.40234375 0.7412109375 0.1171875 0.103515625
0 0.658203125 0.6494140625 0.1123046875 0.0966796875
0 0.7255859375 0.654296875 0.0302734375 0.09765625
0 0.69140625 0.5322265625 0.1083984375 0.09375
0 0.6552734375 0.4140625 0.1103515625 0.0869140625
0 0.72265625 0.4189453125 0.0263671875 0.103515625
0 0.693359375 0.2841796875 0.0810546875 0.1171875
0 0.845703125 0.0869140625 0.115234375 0.095703125
0 0.8291015625 0.419921875 0.1064453125 0.095703125