0 0.47433460076045625 0.2869415807560137 0.4790874524714829 0.4020618556701031 0.4866920152091255 0.4072164948453608 0.5446768060836502 0.4020618556701031 0.5408745247148289 0.25773195876288657 0.5361216730038023 0.2508591065292096 0.4781368821292776 0.25773195876288657 0.47433460076045625 0.2646048109965636 0.47433460076045625 0.2869415807560137
0 0.4096958174904943 0.4261168384879725 0.4543726235741445 0.415807560137457 0.4762357414448669 0.4020618556701031 0.4629277566539924 0.2800687285223368 0.45627376425855515 0.25773195876288657 0.3973384030418251 0.27491408934707906 0.3973384030418251 0.31958762886597936 0.4096958174904943 0.4261168384879725
0 0.2509505703422053 0.3006872852233677 0.3374524714828897 0.3281786941580756 0.3488593155893536 0.281786941580756 0.3564638783269962 0.2233676975945017 0.34980988593155893 0.21477663230240548 0.2652091254752852 0.1958762886597938 0.26045627376425856 0.2027491408934708 0.24809885931558937 0.27835051546391754 0.24714828897338403 0.29553264604810997 0.2509505703422053 0.3006872852233677
0 0.23288973384030418 0.4639175257731959 0.23669201520912547 0.4536082474226804 0.23954372623574144 0.39690721649484534 0.24809885931558937 0.38144329896907214 0.26806083650190116 0.3797250859106529 0.26996197718631176 0.3367697594501718 0.26425855513307983 0.3213058419243986 0.20247148288973385 0.3316151202749141 0.1958174904942966 0.3384879725085911 0.19486692015209126 0.3470790378006873 0.1958174904942966 0.4742268041237113 0.23288973384030418 0.4639175257731959
0 0.4752851711026616 0.6305841924398625 0.48098859315589354 0.6563573883161512 0.48003802281368824 0.6872852233676976 0.4933460076045627 0.6907216494845361 0.5522813688212928 0.6804123711340206 0.5399239543726235 0.5034364261168385 0.5304182509505704 0.5 0.47338403041825095 0.5137457044673539 0.4714828897338403 0.5601374570446735 0.4752851711026616 0.6305841924398625
0 0.4695817490494297 0.6116838487972508 0.4667300380228137 0.6219931271477663 0.47338403041825095 0.6305841924398625 0.4752851711026616 0.6116838487972508 0.4714828897338403 0.5996563573883161 0.47433460076045625 0.5910652920962199 0.4752851711026616 0.5120274914089347 0.5332699619771863 0.49828178694158076 0.535171102661597 0.48281786941580757 0.532319391634981 0.47594501718213056 0.4790874524714829 0.48281786941580757 0.4695817490494297 0.4879725085910653 0.4667300380228137 0.4965635738831615 0.46577946768060835 0.5670103092783505 0.4695817490494297 0.6116838487972508
0 0.4695817490494297 0.48625429553264604 0.5199619771863118 0.4742268041237113 0.532319391634981 0.4793814432989691 0.535171102661597 0.4690721649484536 0.5304182509505704 0.4518900343642612 0.470532319391635 0.4536082474226804 0.467680608365019 0.45532646048109965 0.4695817490494297 0.48625429553264604
0 0.5636882129277566 0.6013745704467354 0.5674904942965779 0.7027491408934707 0.5703422053231939 0.7079037800687286 0.6634980988593155 0.7061855670103092 0.6749049429657794 0.6993127147766323 0.6682509505703422 0.6580756013745704 0.6682509505703422 0.6185567010309279 0.6625475285171103 0.5721649484536082 0.5674904942965779 0.5721649484536082 0.5636882129277566 0.5790378006872852 0.5636882129277566 0.6013745704467354
0 0.7395437262357415 0.4621993127147766 0.8346007604562737 0.4639175257731959 0.8365019011406845 0.4587628865979381 0.8336501901140685 0.4209621993127148 0.8298479087452472 0.4140893470790378 0.7423954372623575 0.40893470790378006 0.7366920152091254 0.4106529209621993 0.7395437262357415 0.4621993127147766
0 0.61328125 0.5341796875 0.0751953125 0.0888671875
0 0.6142578125 0.4736328125 0.0830078125 0.0361328125
0 0.6083984375 0.44921875 0.0673828125 0.0341796875