0 0.1103515625 0.4345703125 0.1396484375 0.119140625
0 0.12109375 0.904296875 0.171875 0.19140625
0 0.5830078125 0.5244140625 0.103515625 0.1298828125
0 0.1611328125 0.1064453125 0.029296875 0.0849609375
0 0.2119140625 0.1171875 0.1044921875 0.0771484375
0 0.3564453125 0.3310546875 0.1044921875 0.095703125
0 0.3017578125 0.333984375 0.03125 0.1064453125
0 0.2861328125 0.3330078125 0.0283203125 0.1025390625
0 0.267578125 0.3330078125 0.03125 0.1103515625
0 0.2490234375 0.330078125 0.0361328125 0.1181640625
0 0.6962890625 0.6669921875 0.1083984375 0.1474609375
0 0.7578125 0.646484375 0.0419921875 0.1357421875
0 0.7822265625 0.64453125 0.046875 0.13671875
0 0.6982421875 0.39453125 0.09375 0.1181640625
0 0.630859375 0.2333984375 0.0576171875 0.125
0 0.6572265625 0.083984375 0.07421875 0.1015625
0 0.6572265625 0.0400390625 0.07421875 0.041015625
0 0.6455078125 0.01953125 0.0693359375 0.0322265625