0 0.5438095238095239 0.7853492333901193 0.6219047619047618 0.7734241908006815 0.6247619047619047 0.7512776831345827 0.6180952380952381 0.5485519591141397 0.6 0.5417376490630323 0.5276190476190477 0.5502555366269165 0.5314285714285715 0.7768313458262351 0.5438095238095239 0.7853492333901193
0 0.4638095238095238 0.7597955706984668 0.5247619047619048 0.7444633730834753 0.5257142857142857 0.6746166950596252 0.5152380952380953 0.5178875638841567 0.5066666666666667 0.5127768313458262 0.4238095238095238 0.5298126064735945 0.4342857142857143 0.75809199318569 0.4638095238095238 0.7597955706984668
0 0.3161904761904762 0.7614991482112436 0.35333333333333333 0.7632027257240205 0.4085714285714286 0.7512776831345827 0.4095238095238095 0.6712095400340715 0.4038095238095238 0.524701873935264 0.4 0.5178875638841567 0.38761904761904764 0.5161839863713799 0.31142857142857144 0.5229982964224872 0.3076190476190476 0.5298126064735945 0.31142857142857144 0.7325383304940375 0.3161904761904762 0.7614991482112436
0 0.3 0.3577512776831346 0.3047619047619048 0.4735945485519591 0.30952380952380953 0.4889267461669506 0.3523809523809524 0.4940374787052811 0.4228571428571429 0.4838160136286201 0.44285714285714284 0.4735945485519591 0.44476190476190475 0.42078364565587734 0.44 0.3321976149914821 0.43523809523809526 0.30664395229982966 0.3057142857142857 0.3151618398637138 0.3 0.31686541737649065 0.3 0.3577512776831346
0 0.1982421875 0.7373046875 0.107421875 0.2451171875
0 0.1904296875 0.5830078125 0.1083984375 0.0830078125
0 0.1884765625 0.5224609375 0.10546875 0.0751953125
0 0.1884765625 0.45703125 0.10546875 0.076171875
0 0.1904296875 0.3955078125 0.111328125 0.0546875
0 0.1875 0.3330078125 0.1064453125 0.0810546875
0 0.185546875 0.271484375 0.109375 0.091796875
0 0.1875 0.1923828125 0.1064453125 0.0859375
0 0.1787109375 0.125 0.103515625 0.091796875
0 0.177734375 0.0771484375 0.107421875 0.0693359375
0 0.7646484375 0.392578125 0.04296875 0.076171875
0 0.7763671875 0.46484375 0.0712890625 0.0673828125