0 0.314453125 0.1474609375 0.111328125 0.1083984375
0 0.24609375 0.126953125 0.041015625 0.1162109375
0 0.326171875 0.490234375 0.10546875 0.119140625
0 0.3681640625 0.4033203125 0.0341796875 0.0634765625
0 0.4560546875 0.154296875 0.0703125 0.0703125
0 0.203125 0.896484375 0.16015625 0.205078125
0 0.6552734375 0.642578125 0.123046875 0.1533203125
0 0.73828125 0.666015625 0.046875 0.1416015625
0 0.619140625 0.451171875 0.0859375 0.1796875
0 0.681640625 0.455078125 0.0478515625 0.1396484375
0 0.71875 0.4541015625 0.0380859375 0.1435546875
0 0.751953125 0.4541015625 0.037109375 0.1533203125
0 0.779296875 0.4521484375 0.0400390625 0.1337890625
0 0.80078125 0.3095703125 0.1142578125 0.1162109375
0 0.654296875 0.279296875 0.078125 0.1630859375
0 0.779296875 0.0341796875 0.12109375 0.068359375