0 0.392578125 0.2431640625 0.1171875 0.1484375
0 0.2431640625 0.1552734375 0.111328125 0.14453125
0 0.1767578125 0.1533203125 0.0185546875 0.142578125
0 0.2529296875 0.529296875 0.1162109375 0.1513671875
0 0.4013671875 0.48046875 0.1142578125 0.1533203125
0 0.396484375 0.58203125 0.0810546875 0.0654296875
0 0.396484375 0.6416015625 0.08203125 0.056640625
0 0.5693359375 0.708984375 0.0810546875 0.2041015625
0 0.62890625 0.685546875 0.044921875 0.1474609375
0 0.65625 0.68359375 0.021484375 0.1513671875
0 0.5859375 0.5068359375 0.1181640625 0.154296875
0 0.7197265625 0.33203125 0.0791015625 0.1953125
0 0.71875 0.44140625 0.1123046875 0.1474609375
0 0.7568359375 0.0380859375 0.1162109375 0.076171875
0 0.1728515625 0.5546875 0.0595703125 0.1748046875
0 0.16796875 0.478515625 0.0625 0.08203125
0 0.1689453125 0.427734375 0.0634765625 0.0458984375
0 0.158203125 0.37109375 0.0546875 0.0703125