0 0.3701171875 0.298828125 0.115234375 0.123046875
0 0.359375 0.0693359375 0.0888671875 0.1376953125
0 0.3447265625 0.4794921875 0.119140625 0.1513671875
0 0.388671875 0.6337890625 0.1220703125 0.1748046875
0 0.3095703125 0.6591796875 0.0302734375 0.154296875
0 0.2841796875 0.662109375 0.0244140625 0.1650390625
0 0.015625 0.5537109375 0.03125 0.18359375
0 0.0380859375 0.5263671875 0.0400390625 0.142578125
0 0.0595703125 0.478515625 0.0419921875 0.1064453125
0 0.07421875 0.45703125 0.0634765625 0.11328125
0 0.0859375 0.416015625 0.060546875 0.076171875
0 0.087890625 0.3994140625 0.06640625 0.048828125
0 0.0986328125 0.3515625 0.076171875 0.0673828125
0 0.0859375 0.330078125 0.0712890625 0.119140625
0 0.07421875 0.302734375 0.072265625 0.1240234375
0 0.2353515625 0.96875 0.138671875 0.0625
0 0.64453125 0.39453125 0.1162109375 0.1494140625
0 0.78125 0.4345703125 0.109375 0.185546875
0 0.7998046875 0.533203125 0.1328125 0.15234375
0 0.8173828125 0.751953125 0.123046875 0.1513671875
0 0.890625 0.763671875 0.0341796875 0.154296875
0 0.7421875 0.9150390625 0.0703125 0.169921875
0 0.6875 0.0498046875 0.099609375 0.0986328125