0 0.37109375 0.2822265625 0.23046875 0.09375
0 0.2333984375 0.2802734375 0.09765625 0.099609375
0 0.2958984375 0.3701171875 0.203125 0.095703125
0 0.310546875 0.423828125 0.20703125 0.087890625
0 0.30859375 0.4912109375 0.2001953125 0.0703125
0 0.2587890625 0.5576171875 0.224609375 0.134765625
0 0.3037109375 0.6787109375 0.2490234375 0.052734375
0 0.2919921875 0.7431640625 0.2470703125 0.111328125
0 0.5810546875 0.6240234375 0.2490234375 0.09765625
0 0.796875 0.748046875 0.236328125 0.1083984375
0 0.52734375 0.4970703125 0.23828125 0.1064453125
0 0.5146484375 0.4365234375 0.2373046875 0.0380859375
0 0.515625 0.4091796875 0.2265625 0.0400390625