0 0.29296875 0.0615234375 0.064453125 0.109375
0 0.3271484375 0.384765625 0.095703125 0.1279296875
0 0.2607421875 0.3837890625 0.02734375 0.12890625
0 0.248046875 0.3818359375 0.04296875 0.1220703125
0 0.23046875 0.380859375 0.0390625 0.123046875
0 0.2099609375 0.3818359375 0.048828125 0.12890625
0 0.0751953125 0.9208984375 0.150390625 0.158203125
0 0.7783203125 0.6943359375 0.1279296875 0.158203125
0 0.564453125 0.4794921875 0.103515625 0.1396484375
0 0.625 0.48828125 0.0234375 0.1298828125
0 0.646484375 0.490234375 0.0302734375 0.1279296875
0 0.673828125 0.478515625 0.0419921875 0.1279296875
0 0.693359375 0.4833984375 0.03515625 0.111328125
0 0.6611328125 0.30078125 0.0771484375 0.1328125
0 0.6455078125 0.2314453125 0.08984375 0.083984375
0 0.65234375 0.0732421875 0.08203125 0.0888671875
0 0.69140625 0.0556640625 0.033203125 0.080078125