0 0.1767578125 0.1357421875 0.017578125 0.109375
0 0.24609375 0.154296875 0.1142578125 0.1572265625
0 0.3935546875 0.501953125 0.1171875 0.150390625
0 0.3896484375 0.607421875 0.083984375 0.0654296875
0 0.390625 0.6669921875 0.0830078125 0.060546875
0 0.5545519150899861 0.66540329218107 0.6600304568527919 0.6089555555555555 0.640121365943701 0.4576131687242798 0.5297646515920628 0.5195802469135802 0.5545519150899861 0.66540329218107
0 0.6800710659898477 0.5948436213991769 0.6573936317489616 0.44902057613168717 0.6414397784956161 0.4587893004115226 0.6653041070604522 0.6033111111111111 0.6800710659898477 0.5948436213991769
0 0.2587890625 0.978515625 0.1123046875 0.04296875
0 0.3232421875 0.9580078125 0.1162109375 0.0810546875
0 0.8388671875 0.6474609375 0.1064453125 0.2197265625
0 0.8505859375 0.7763671875 0.111328125 0.1220703125
0 0.7294921875 0.248046875 0.080078125 0.2041015625
0 0.728515625 0.359375 0.11328125 0.1474609375
0 0.21754914628518687 0.3775201646090535 0.2112201199815413 0.5233432098765431 0.2735842178126442 0.625749794238683 0.3056234425473004 0.4668954732510288 0.21754914628518687 0.3775201646090535
0 0.20594646977388095 0.354 0.21227503461005998 0.45372427983539093 0.3019317028149515 0.4828888888888889 0.3008767881864329 0.36717119341563786 0.20594646977388095 0.354
0 0.1917069681587448 0.3333028806584362 0.20858329487771113 0.39539506172839506 0.3050959852330411 0.3935135802469136 0.28294554683894785 0.28344032921810697 0.1917069681587448 0.3333028806584362
0 0.1795768343331795 0.33894732510288067 0.20014490078449468 0.3803423868312757 0.28347300415320714 0.2777958847736625 0.2396995846792801 0.18559753086419753 0.1795768343331795 0.33894732510288067
0 0.16744670050761423 0.32671687242798353 0.18801522842639593 0.350237037037037 0.2498518689432395 0.20717201646090536 0.21491185971389018 0.15266995884773663 0.16744670050761423 0.32671687242798353
0 0.15953576372865713 0.30978271604938273 0.1753576372865713 0.3238946502057613 0.2027821873557914 0.15831440329218108 0.18590539916935858 0.1310312757201646 0.15953576372865713 0.30978271604938273