0 0.083984375 0.2265625 0.126953125 0.0830078125
0 0.138671875 0.2353515625 0.072265625 0.0849609375
0 0.2255859375 0.232421875 0.12109375 0.080078125
0 0.126953125 0.3125 0.126953125 0.0966796875
0 0.060546875 0.30859375 0.0947265625 0.109375
0 0.1748046875 0.322265625 0.076171875 0.1162109375
0 0.212890625 0.3291015625 0.0478515625 0.1044921875
0 0.6142578125 0.486328125 0.1357421875 0.1943359375
0 0.58984375 0.3857421875 0.12890625 0.0283203125
0 0.587890625 0.361328125 0.103515625 0.0283203125
0 0.5810546875 0.333984375 0.1064453125 0.0380859375
0 0.5732421875 0.3046875 0.0908203125 0.0205078125