0 0.0419921875 0.5205078125 0.046875 0.216796875
0 0.0703125 0.4619140625 0.029296875 0.1640625
0 0.0869140625 0.4111328125 0.05859375 0.1484375
0 0.095703125 0.3388671875 0.060546875 0.0517578125
0 0.09765625 0.296875 0.0556640625 0.0517578125
0 0.0986328125 0.2607421875 0.05859375 0.078125
0 0.2060546875 0.41015625 0.138671875 0.1474609375
0 0.2236328125 0.357421875 0.1220703125 0.107421875
0 0.22265625 0.8740234375 0.1474609375 0.1953125
0 0.375 0.41796875 0.1181640625 0.1318359375
0 0.333984375 0.205078125 0.037109375 0.1298828125
0 0.359375 0.2109375 0.029296875 0.1279296875
0 0.3818359375 0.2099609375 0.0283203125 0.1328125
0 0.43359375 0.2197265625 0.0771484375 0.1884765625
0 0.37109375 0.29296875 0.08984375 0.0712890625
0 0.796875 0.3994140625 0.1298828125 0.146484375
0 0.796875 0.7509765625 0.1396484375 0.177734375
0 0.8740234375 0.7451171875 0.0517578125 0.15234375
0 0.748046875 0.015625 0.09375 0.0302734375
0 0.6904296875 0.017578125 0.0302734375 0.0341796875