0 0.443359375 0.1416015625 0.0830078125 0.1767578125
0 0.4482421875 0.1494140625 0.1240234375 0.1240234375
0 0.3740234375 0.140625 0.0380859375 0.1279296875
0 0.34375 0.1455078125 0.0361328125 0.12890625
0 0.3193359375 0.13671875 0.0322265625 0.1259765625
0 0.4208984375 0.3720703125 0.134765625 0.1484375
0 0.1357421875 0.775390625 0.1396484375 0.248046875
0 0.1572265625 0.6513671875 0.1630859375 0.126953125
0 0.1708984375 0.5185546875 0.13671875 0.140625
0 0.0830078125 0.185546875 0.1015625 0.3037109375
0 0.69140625 0.7451171875 0.1533203125 0.205078125
0 0.677734375 0.5556640625 0.1455078125 0.17578125
0 0.6474609375 0.36328125 0.099609375 0.1953125
0 0.72265625 0.37109375 0.0537109375 0.1513671875
0 0.6650390625 0.2001953125 0.1396484375 0.1396484375
0 0.8310546875 0.1455078125 0.1337890625 0.1181640625
0 0.84765625 0.251953125 0.1416015625 0.1103515625
0 0.8544921875 0.3212890625 0.15234375 0.1259765625
0 0.873046875 0.419921875 0.138671875 0.076171875
0 0.8896484375 0.51171875 0.1552734375 0.134765625
0 0.908203125 0.6162109375 0.162109375 0.111328125
0 0.9228515625 0.7001953125 0.154296875 0.103515625