0 0.3701171875 0.6552734375 0.1015625 0.234375
0 0.693359375 0.263671875 0.1533203125 0.15625
0 0.677734375 0.326171875 0.1396484375 0.11328125
0 0.6630859375 0.3486328125 0.11328125 0.11328125
0 0.6416015625 0.3603515625 0.08984375 0.115234375
0 0.611328125 0.3740234375 0.06640625 0.1181640625
0 0.5771484375 0.3583984375 0.0908203125 0.16796875
0 0.228515625 0.703125 0.1025390625 0.2421875
0 0.21484375 0.6337890625 0.1044921875 0.255859375
0 0.2060546875 0.486328125 0.107421875 0.083984375
0 0.2080078125 0.412109375 0.11328125 0.1044921875
0 0.197265625 0.3349609375 0.109375 0.0849609375