0 0.3408203125 0.4501953125 0.0830078125 0.14453125
0 0.4052734375 0.5078125 0.095703125 0.162109375
0 0.4267578125 0.3984375 0.0771484375 0.060546875
0 0.5068359375 0.390625 0.07421875 0.1865234375
0 0.546875 0.423828125 0.0625 0.1953125
0 0.6142578125 0.435546875 0.107421875 0.1904296875
0 0.423828125 0.7216796875 0.126953125 0.15625
0 0.4345703125 0.6279296875 0.0830078125 0.091796875
0 0.5341796875 0.744140625 0.123046875 0.1474609375
0 0.5380859375 0.650390625 0.0888671875 0.0478515625
0 0.5400390625 0.611328125 0.0751953125 0.0498046875
0 0.494140625 0.5068359375 0.09765625 0.064453125
0 0.5830078125 0.546875 0.080078125 0.048828125
0 0.6748046875 0.5390625 0.1015625 0.109375
0 0.68359375 0.44921875 0.0771484375 0.1259765625
0 0.7744140625 0.498046875 0.07421875 0.1650390625
0 0.8623046875 0.486328125 0.0712890625 0.16015625
0 0.78125 0.724609375 0.0712890625 0.197265625
0 0.7099609375 0.7490234375 0.07421875 0.1806640625
0 0.712890625 0.6474609375 0.0732421875 0.05859375
0 0.6240234375 0.765625 0.080078125 0.193359375
0 0.6328125 0.654296875 0.078125 0.0625