0 0.2685546875 0.150390625 0.1103515625 0.11328125
0 0.2041015625 0.1435546875 0.0478515625 0.1123046875
0 0.203125 0.4638671875 0.1337890625 0.138671875
0 0.39453125 0.5068359375 0.1240234375 0.1328125
0 0.2685546875 0.8916015625 0.1083984375 0.2158203125
0 0.6142578125 0.6494140625 0.1220703125 0.1435546875
0 0.654296875 0.66796875 0.1142578125 0.1396484375
0 0.7060546875 0.87109375 0.091796875 0.2578125
0 0.578125 0.4287109375 0.0810546875 0.1767578125
0 0.6005859375 0.3828125 0.083984375 0.173828125
0 0.6650390625 0.3955078125 0.0615234375 0.16796875
0 0.767578125 0.3515625 0.08203125 0.1552734375
0 0.783203125 0.4365234375 0.1220703125 0.1318359375
0 0.810546875 0.203125 0.09375 0.1796875
0 0.8310546875 0.3037109375 0.083984375 0.0693359375
0 0.8486328125 0.3759765625 0.083984375 0.08203125