0 0.1669921875 0.8759765625 0.146484375 0.126953125
0 0.416015625 0.623046875 0.1376953125 0.107421875
0 0.4169921875 0.4892578125 0.1318359375 0.111328125
0 0.4150390625 0.3486328125 0.1396484375 0.1083984375
0 0.6533203125 0.298828125 0.1318359375 0.111328125
0 0.740234375 0.298828125 0.0390625 0.1181640625
0 0.91796875 0.396484375 0.14453125 0.1220703125
0 0.8837890625 0.697265625 0.1416015625 0.109375
0 0.7158203125 0.5810546875 0.1396484375 0.1171875
0 0.6787109375 0.431640625 0.1337890625 0.1201171875
0 0.765625 0.4267578125 0.041015625 0.111328125