0 0.2724609375 0.0830078125 0.125 0.12109375
0 0.201171875 0.06640625 0.052734375 0.1162109375
0 0.2138671875 0.93359375 0.158203125 0.1328125
0 0.224609375 0.865234375 0.1484375 0.111328125
0 0.357421875 0.734375 0.1416015625 0.16796875
0 0.3642578125 0.5771484375 0.1298828125 0.1474609375
0 0.3515625 0.4599609375 0.0947265625 0.0517578125
0 0.3486328125 0.408203125 0.0908203125 0.068359375
0 0.34765625 0.3330078125 0.0966796875 0.08984375
0 0.4697265625 0.259765625 0.11328125 0.125
0 0.404296875 0.251953125 0.029296875 0.1279296875
0 0.376953125 0.248046875 0.03125 0.1357421875
0 0.3466796875 0.248046875 0.0380859375 0.138671875
0 0.3203125 0.24609375 0.037109375 0.1318359375
0 0.2939453125 0.23828125 0.0341796875 0.14453125
0 0.2666015625 0.2421875 0.02734375 0.1416015625
0 0.2470703125 0.248046875 0.029296875 0.1435546875
0 0.642578125 0.5087890625 0.1259765625 0.142578125
0 0.6259765625 0.3115234375 0.125 0.14453125
0 0.7421875 0.0263671875 0.1025390625 0.052734375
0 0.810546875 0.4833984375 0.1201171875 0.1533203125
0 0.8251953125 0.736328125 0.1416015625 0.181640625