0 0.2421875 0.1572265625 0.1201171875 0.1611328125
0 0.1787109375 0.16015625 0.0341796875 0.146484375
0 0.353515625 0.3466796875 0.1240234375 0.1806640625
0 0.39453125 0.599609375 0.0888671875 0.12890625
0 0.3671875 0.685546875 0.08984375 0.1083984375
0 0.314453125 0.9462890625 0.1171875 0.107421875
0 0.208984375 0.9541015625 0.083984375 0.091796875
0 0.5732421875 0.701171875 0.1201171875 0.150390625
0 0.580078125 0.517578125 0.1162109375 0.1669921875
0 0.6435546875 0.5263671875 0.0185546875 0.1689453125
0 0.6650390625 0.52734375 0.029296875 0.1572265625
0 0.6953125 0.5322265625 0.0302734375 0.166015625
0 0.6708984375 0.2919921875 0.0849609375 0.2080078125
0 0.6396484375 0.2353515625 0.087890625 0.20703125
0 0.7451171875 0.0380859375 0.111328125 0.0751953125
0 0.7724609375 0.8544921875 0.111328125 0.154296875