0 0.16015625 0.9013671875 0.1474609375 0.1240234375
0 0.16015625 0.8349609375 0.1416015625 0.056640625
0 0.33203125 0.603515625 0.14453125 0.12109375
0 0.30078125 0.5615234375 0.146484375 0.1015625
0 0.34765625 0.4365234375 0.1064453125 0.1484375
0 0.27734375 0.419921875 0.05078125 0.1064453125
0 0.30859375 0.3818359375 0.15234375 0.111328125
0 0.849609375 0.40234375 0.0927734375 0.0791015625
0 0.865234375 0.3603515625 0.1162109375 0.0615234375
0 0.8916015625 0.30078125 0.1669921875 0.0966796875
0 0.87890625 0.7783203125 0.15234375 0.11328125
0 0.974609375 0.78515625 0.0361328125 0.1162109375