0 0.1220703125 0.3544921875 0.14453125 0.22265625
0 0.111328125 0.2431640625 0.1357421875 0.1728515625
0 0.2646484375 0.314453125 0.1220703125 0.2109375
0 0.384765625 0.2919921875 0.1376953125 0.15234375
0 0.4970703125 0.3232421875 0.095703125 0.1962890625
0 0.5908203125 0.3115234375 0.10546875 0.1953125
0 0.2939453125 0.650390625 0.16015625 0.19921875
0 0.4453125 0.669921875 0.1201171875 0.2587890625
0 0.6201171875 0.740234375 0.1708984375 0.208984375
0 0.609375 0.6103515625 0.11328125 0.11328125
0 0.6044921875 0.541015625 0.10546875 0.0703125
0 0.603515625 0.505859375 0.1044921875 0.068359375
0 0.6005859375 0.4609375 0.1015625 0.064453125
0 0.7724609375 0.6923828125 0.1416015625 0.2685546875
0 0.7529296875 0.5517578125 0.111328125 0.0693359375
0 0.7421875 0.509765625 0.0986328125 0.06640625
0 0.9208984375 0.5078125 0.158203125 0.1728515625