0 0.1376953125 0.322265625 0.1435546875 0.12890625
0 0.359375 0.15234375 0.10546875 0.1005859375
0 0.4765625 0.1611328125 0.115234375 0.10546875
0 0.4833984375 0.3046875 0.123046875 0.142578125
0 0.4384765625 0.623046875 0.115234375 0.1484375
0 0.4365234375 0.7060546875 0.107421875 0.02734375
0 0.4384765625 0.7197265625 0.1103515625 0.0283203125
0 0.4345703125 0.7421875 0.109375 0.0263671875
0 0.439453125 0.767578125 0.1083984375 0.0322265625
0 0.6513671875 0.6806640625 0.1240234375 0.138671875
0 0.75 0.67578125 0.1552734375 0.103515625
0 0.8544921875 0.8349609375 0.1455078125 0.1328125
0 0.908203125 0.8505859375 0.0576171875 0.1357421875
0 0.64453125 0.3310546875 0.13671875 0.146484375
0 0.625 0.240234375 0.1171875 0.0478515625
0 0.615234375 0.208984375 0.10546875 0.0458984375
0 0.6142578125 0.1845703125 0.1142578125 0.0458984375