0 0.1484375 0.2451171875 0.1357421875 0.111328125
0 0.06640625 0.2431640625 0.0400390625 0.1142578125
0 0.1181640625 0.498046875 0.1083984375 0.1640625
0 0.103515625 0.8857421875 0.1533203125 0.1181640625
0 0.3876953125 0.453125 0.1396484375 0.125
0 0.3125 0.4443359375 0.0400390625 0.1123046875
0 0.2861328125 0.45703125 0.033203125 0.109375
0 0.2626953125 0.4501953125 0.029296875 0.109375
0 0.2412109375 0.4541015625 0.0263671875 0.1044921875
0 0.2177734375 0.4482421875 0.046875 0.107421875
0 0.6552734375 0.5 0.130859375 0.1083984375
0 0.734375 0.505859375 0.0390625 0.111328125
0 0.7666015625 0.5029296875 0.0361328125 0.1044921875
0 0.796875 0.4990234375 0.0390625 0.10546875
0 0.876953125 0.4892578125 0.0771484375 0.0947265625
0 0.7578125 0.841796875 0.1015625 0.1513671875
0 0.759765625 0.4150390625 0.09765625 0.0859375
0 0.7841796875 0.1103515625 0.134765625 0.1103515625