0 0.44921875 0.26171875 0.05859375 0.1337890625
0 0.4189453125 0.24609375 0.03125 0.1171875
0 0.40234375 0.2470703125 0.029296875 0.1142578125
0 0.3369140625 0.337890625 0.103515625 0.1171875
0 0.2841796875 0.337890625 0.0458984375 0.126953125
0 0.2587890625 0.2626953125 0.0751953125 0.162109375
0 0.27734375 0.1796875 0.072265625 0.1259765625
0 0.26953125 0.1142578125 0.0595703125 0.1416015625
0 0.298828125 0.5087890625 0.11328125 0.138671875
0 0.451171875 0.8203125 0.1318359375 0.2021484375
0 0.4423828125 0.7021484375 0.109375 0.0869140625
0 0.451171875 0.6474609375 0.111328125 0.0595703125
0 0.6708984375 0.4599609375 0.095703125 0.130859375
0 0.7919921875 0.3994140625 0.091796875 0.134765625
0 0.70703125 0.0751953125 0.0751953125 0.0751953125