0 0.9072265625 0.0654296875 0.1337890625 0.1025390625
0 0.8349609375 0.0732421875 0.0439453125 0.11328125
0 0.9111328125 0.4052734375 0.1357421875 0.1181640625
0 0.6982421875 0.431640625 0.1416015625 0.103515625
0 0.8876953125 0.7001953125 0.1328125 0.125
0 0.1767578125 0.927734375 0.1533203125 0.1435546875
0 0.1982421875 0.890625 0.1357421875 0.1318359375
0 0.1904296875 0.8466796875 0.15625 0.0478515625
0 0.1962890625 0.81640625 0.1455078125 0.052734375
0 0.2021484375 0.7763671875 0.1572265625 0.0498046875
0 0.40234375 0.58203125 0.13671875 0.10546875
0 0.3173828125 0.5849609375 0.0478515625 0.1064453125
0 0.365234375 0.4462890625 0.1455078125 0.107421875
0 0.3857421875 0.296875 0.099609375 0.1513671875
0 0.32421875 0.322265625 0.037109375 0.111328125
0 0.294921875 0.3212890625 0.0419921875 0.103515625
0 0.2626953125 0.32421875 0.0546875 0.109375
0 0.224609375 0.3251953125 0.0380859375 0.111328125
0 0.1884765625 0.328125 0.0439453125 0.115234375