0 0.0263671875 0.30859375 0.052734375 0.1318359375
0 0.0439453125 0.2021484375 0.087890625 0.095703125
0 0.0439453125 0.2451171875 0.087890625 0.0380859375
0 0.0478515625 0.2900390625 0.0654296875 0.08203125
0 0.150390625 0.58984375 0.1279296875 0.2421875
0 0.1650390625 0.509765625 0.16015625 0.171875
0 0.16796875 0.9736328125 0.1025390625 0.052734375
0 0.9091796875 0.7705078125 0.181640625 0.203125
0 0.4599609375 0.30859375 0.1259765625 0.142578125
0 0.3837890625 0.3076171875 0.0419921875 0.1474609375
0 0.353515625 0.3017578125 0.0185546875 0.14453125
0 0.3330078125 0.314453125 0.029296875 0.15234375
0 0.3115234375 0.3056640625 0.0263671875 0.1533203125
0 0.302734375 0.322265625 0.0634765625 0.1552734375
0 0.2763671875 0.2109375 0.0458984375 0.1083984375
0 0.19921875 0.1005859375 0.109375 0.1591796875
0 0.4443359375 0.142578125 0.0908203125 0.1826171875
0 0.4501953125 0.1455078125 0.125 0.1337890625
0 0.376953125 0.134765625 0.044921875 0.1318359375
0 0.3466796875 0.1337890625 0.0341796875 0.1162109375
0 0.3173828125 0.138671875 0.03515625 0.1181640625
0 0.826171875 0.0869140625 0.13671875 0.1201171875
0 0.83203125 0.169921875 0.1298828125 0.099609375
0 0.83984375 0.2412109375 0.1025390625 0.080078125
0 0.857421875 0.3447265625 0.1015625 0.1337890625
0 0.8623046875 0.400390625 0.15234375 0.1533203125
0 0.88671875 0.5078125 0.1611328125 0.109375
0 0.890625 0.591796875 0.1552734375 0.078125