0 0.3603515625 0.173828125 0.109375 0.1103515625
0 0.296875 0.162109375 0.033203125 0.123046875
0 0.2724609375 0.1669921875 0.0302734375 0.1171875
0 0.2490234375 0.1650390625 0.0400390625 0.1123046875
0 0.328125 0.3857421875 0.138671875 0.1328125
0 0.216796875 0.9521484375 0.1435546875 0.095703125
0 0.2421875 0.912109375 0.1220703125 0.08984375
0 0.6337890625 0.6328125 0.12890625 0.142578125
0 0.71875 0.6416015625 0.04296875 0.166015625
0 0.65625 0.4736328125 0.1220703125 0.1259765625
0 0.7001953125 0.3017578125 0.1171875 0.1318359375
0 0.818359375 0.3818359375 0.1162109375 0.134765625
0 0.83984375 0.5302734375 0.1240234375 0.140625
0 0.7421875 0.099609375 0.1171875 0.1953125