0 0.115234375 0.5 0.1396484375 0.11328125
0 0.40625 0.4912109375 0.1005859375 0.1474609375
0 0.341796875 0.4765625 0.0537109375 0.115234375
0 0.3115234375 0.470703125 0.03125 0.1220703125
0 0.283203125 0.4755859375 0.037109375 0.1123046875
0 0.263671875 0.4658203125 0.0283203125 0.1123046875
0 0.2392578125 0.474609375 0.0400390625 0.115234375
0 0.1259765625 0.869140625 0.130859375 0.11328125
0 0.845703125 0.6826171875 0.134765625 0.10546875
0 0.9306640625 0.6767578125 0.033203125 0.1083984375
0 0.865234375 0.4775390625 0.130859375 0.103515625
0 0.7734375 0.10546875 0.126953125 0.1015625