0 0.23046875 0.3671875 0.1318359375 0.1240234375
0 0.20703125 0.47265625 0.083984375 0.0966796875
0 0.2724609375 0.8857421875 0.1064453125 0.2275390625
0 0.1611328125 0.9482421875 0.154296875 0.1025390625
0 0.71484375 0.8818359375 0.0869140625 0.2353515625
0 0.7744140625 0.6865234375 0.1220703125 0.1435546875
0 0.814453125 0.7109375 0.1171875 0.14453125
0 0.619140625 0.5185546875 0.12109375 0.14453125
0 0.6259765625 0.4306640625 0.0771484375 0.08984375
0 0.7265625 0.3115234375 0.0830078125 0.17578125
0 0.7861328125 0.36328125 0.0732421875 0.169921875
0 0.73828125 0.0712890625 0.1015625 0.09375
0 0.7314453125 0.0185546875 0.08984375 0.037109375