0 0.10546875 0.4951171875 0.1572265625 0.1201171875
0 0.142578125 0.935546875 0.1591796875 0.12890625
0 0.17578125 0.833984375 0.15625 0.0546875
0 0.1728515625 0.873046875 0.1513671875 0.0927734375
0 0.126953125 0.8154296875 0.1142578125 0.140625
0 0.0712890625 0.84765625 0.05859375 0.1416015625
0 0.2763671875 0.6552734375 0.16015625 0.1279296875
0 0.3359375 0.505859375 0.1240234375 0.1533203125
0 0.30078125 0.4501953125 0.150390625 0.10546875
0 0.6650390625 0.5576171875 0.162109375 0.10546875
0 0.7890625 0.9169921875 0.103515625 0.166015625
0 0.884765625 0.8037109375 0.1650390625 0.1318359375
0 0.982421875 0.7900390625 0.03515625 0.1162109375
0 0.65625 0.4208984375 0.16015625 0.0732421875
0 0.6572265625 0.341796875 0.1630859375 0.1083984375
0 0.6708984375 0.2763671875 0.1591796875 0.126953125
0 0.9111328125 0.287109375 0.177734375 0.12890625
0 0.8876953125 0.1015625 0.169921875 0.123046875