0 0.0849609375 0.482421875 0.1083984375 0.1552734375
0 0.0498046875 0.6044921875 0.0791015625 0.1181640625
0 0.2587890625 0.35546875 0.1220703125 0.140625
0 0.2392578125 0.439453125 0.123046875 0.154296875
0 0.294921875 0.1513671875 0.1142578125 0.1298828125
0 0.224609375 0.1435546875 0.05078125 0.125
0 0.4287109375 0.25390625 0.13671875 0.1533203125
0 0.408203125 0.4208984375 0.12109375 0.1376953125
0 0.3896484375 0.494140625 0.1181640625 0.123046875
0 0.6630859375 0.4072265625 0.1162109375 0.126953125
0 0.765625 0.69140625 0.12109375 0.1611328125
0 0.8447265625 0.6904296875 0.046875 0.140625
0 0.90625 0.5361328125 0.1083984375 0.1474609375
0 0.7294921875 0.9111328125 0.0732421875 0.1767578125