0 0.0966796875 0.20703125 0.1484375 0.119140625
0 0.0966796875 0.49609375 0.150390625 0.099609375
0 0.2919921875 0.4892578125 0.1494140625 0.1015625
0 0.3427734375 0.521484375 0.171875 0.1025390625
0 0.1279296875 0.8740234375 0.1591796875 0.0947265625
0 0.2783203125 0.697265625 0.1533203125 0.1240234375
0 0.8544921875 0.7802734375 0.162109375 0.103515625
0 0.9541015625 0.7900390625 0.0517578125 0.115234375
0 0.912109375 0.337890625 0.1640625 0.107421875
0 0.904296875 0.4169921875 0.1640625 0.0556640625
0 0.90625 0.1201171875 0.1640625 0.1123046875