0 0.2705078125 0.1533203125 0.1044921875 0.109375
0 0.205078125 0.3544921875 0.1240234375 0.1201171875
0 0.2080078125 0.44140625 0.1181640625 0.1494140625
0 0.2529296875 0.6650390625 0.150390625 0.1875
0 0.3896484375 0.4140625 0.119140625 0.140625
0 0.4248046875 0.244140625 0.1064453125 0.1220703125
0 0.3603515625 0.234375 0.0302734375 0.1103515625
0 0.62109375 0.2880859375 0.1044921875 0.11328125
0 0.7421875 0.26953125 0.0712890625 0.150390625
0 0.78515625 0.30859375 0.0712890625 0.1591796875
0 0.6337890625 0.390625 0.078125 0.0556640625
0 0.6279296875 0.4736328125 0.1142578125 0.1337890625
0 0.7763671875 0.6865234375 0.1220703125 0.138671875
0 0.814453125 0.7119140625 0.1171875 0.150390625
0 0.7158203125 0.876953125 0.0908203125 0.24609375