0 0.421875 0.0947265625 0.1201171875 0.1201171875
0 0.3515625 0.107421875 0.0615234375 0.109375
0 0.31640625 0.0966796875 0.0458984375 0.1142578125
0 0.2939453125 0.0869140625 0.046875 0.1181640625
0 0.265625 0.08984375 0.041015625 0.123046875
0 0.2431640625 0.0888671875 0.0419921875 0.1181640625
0 0.2216796875 0.0908203125 0.0439453125 0.125
0 0.1982421875 0.095703125 0.0361328125 0.125
0 0.1669921875 0.09765625 0.052734375 0.1279296875
0 0.146484375 0.091796875 0.04296875 0.11328125
0 0.1220703125 0.1044921875 0.05078125 0.1220703125
0 0.23828125 0.33984375 0.1044921875 0.15625
0 0.16015625 0.3583984375 0.0810546875 0.189453125
0 0.2607421875 0.9521484375 0.166015625 0.0947265625
0 0.42578125 0.7607421875 0.126953125 0.275390625
0 0.4384765625 0.5263671875 0.1396484375 0.1826171875
0 0.4736328125 0.234375 0.0859375 0.1591796875
0 0.4150390625 0.224609375 0.048828125 0.1328125
0 0.662109375 0.2626953125 0.1298828125 0.1455078125
0 0.638671875 0.939453125 0.12109375 0.12109375
0 0.8583984375 0.779296875 0.15234375 0.1806640625
0 0.94140625 0.78515625 0.0546875 0.19140625
0 0.9697265625 0.78125 0.0595703125 0.189453125
0 0.8544921875 0.4814453125 0.1533203125 0.087890625
0 0.8486328125 0.408203125 0.1494140625 0.09765625
0 0.8388671875 0.3427734375 0.1328125 0.08203125
0 0.8349609375 0.28515625 0.138671875 0.0732421875
0 0.8271484375 0.20703125 0.1328125 0.13671875
0 0.8076171875 0.041015625 0.1162109375 0.08203125