0 0.2919921875 0.1689453125 0.11328125 0.126953125
0 0.359375 0.05078125 0.080078125 0.1015625
0 0.2255859375 0.1796875 0.0400390625 0.1220703125
0 0.4072265625 0.322265625 0.1171875 0.1376953125
0 0.630859375 0.48828125 0.1240234375 0.162109375
0 0.8291015625 0.796875 0.123046875 0.1591796875
0 0.8994140625 0.7900390625 0.0419921875 0.1513671875
0 0.755859375 0.935546875 0.07421875 0.12890625
0 0.1279296875 0.376953125 0.091796875 0.146484375
0 0.150390625 0.3193359375 0.05859375 0.0849609375
0 0.15234375 0.24609375 0.0625 0.0810546875
0 0.146484375 0.2177734375 0.078125 0.1025390625
0 0.146484375 0.1806640625 0.0712890625 0.123046875
0 0.138671875 0.1552734375 0.0673828125 0.1435546875