0 0.15625 0.2109375 0.15625 0.123046875
0 0.3525390625 0.35546875 0.140625 0.1103515625
0 0.3154296875 0.693359375 0.1318359375 0.146484375
0 0.3369140625 0.6455078125 0.125 0.103515625
0 0.3203125 0.58203125 0.0634765625 0.0400390625
0 0.1435546875 0.8583984375 0.1259765625 0.109375
0 0.71484375 0.5615234375 0.1328125 0.11328125
0 0.66015625 0.4453125 0.1181640625 0.107421875
0 0.73828125 0.44140625 0.0478515625 0.109375
0 0.876953125 0.4892578125 0.1201171875 0.1142578125
0 0.87109375 0.693359375 0.1396484375 0.11328125
0 0.9453125 0.689453125 0.033203125 0.1044921875
0 0.8701171875 0.064453125 0.123046875 0.0947265625