0 0.0966796875 0.2421875 0.0966796875 0.09765625
0 0.0947265625 0.7373046875 0.1025390625 0.1484375
0 0.1142578125 0.9326171875 0.1484375 0.1005859375
0 0.09375 0.8916015625 0.1494140625 0.1064453125
0 0.2724609375 0.71484375 0.154296875 0.1083984375
0 0.2158203125 0.40234375 0.111328125 0.1328125
0 0.6572265625 0.404296875 0.162109375 0.1025390625
0 0.7490234375 0.4111328125 0.0419921875 0.10546875
0 0.5859375 0.65625 0.109375 0.16015625
0 0.6630859375 0.63671875 0.0546875 0.11328125
0 0.7080078125 0.6318359375 0.0419921875 0.1142578125
0 0.75 0.634765625 0.0390625 0.1162109375
0 0.783203125 0.6337890625 0.0458984375 0.1123046875
0 0.7060546875 0.5595703125 0.0986328125 0.041015625
0 0.78125 0.9208984375 0.087890625 0.158203125
0 0.9169921875 0.4775390625 0.166015625 0.072265625
0 0.91796875 0.3935546875 0.1630859375 0.10546875
0 0.9267578125 0.31640625 0.12109375 0.1435546875
0 0.904296875 0.087890625 0.16796875 0.1259765625