0 0.30078125 0.6298828125 0.0927734375 0.2236328125
0 0.298828125 0.771484375 0.1025390625 0.0673828125
0 0.15234375 0.5595703125 0.1455078125 0.1201171875
0 0.611328125 0.72265625 0.0966796875 0.2216796875
0 0.8545101842870999 0.7736842105263158 0.8661493695441319 0.7701754385964913 0.9369544131910766 0.6912280701754386 0.9175557710960233 0.6157894736842106 0.8826382153249273 0.5105263157894737 0.8671193016488846 0.5140350877192983 0.7972841901066925 0.5929824561403508 0.7972841901066925 0.6175438596491228 0.8545101842870999 0.7736842105263158
0 0.8865179437439379 0.5105263157894737 0.933074684772066 0.6614035087719299 0.938894277400582 0.6842105263157895 0.9359844810863239 0.7035087719298245 0.9456838021338506 0.7017543859649122 0.962172647914646 0.4807017543859649 0.9573229873908826 0.4736842105263158 0.930164888457808 0.4754385964912281 0.909796314258002 0.48596491228070177 0.8826382153249273 0.4824561403508772 0.8671193016488846 0.4912280701754386 0.8700290979631425 0.5052631578947369 0.8865179437439379 0.5105263157894737
0 0.8360814742967992 0.8017543859649123 0.8516003879728419 0.7929824561403509 0.8535402521823472 0.7771929824561403 0.7924345295829293 0.5964912280701754 0.7817652764306499 0.6052631578947368 0.7584869059165859 0.6526315789473685 0.7575169738118331 0.6701754385964912 0.8360814742967992 0.8017543859649123
0 0.7390882638215325 0.7263157894736842 0.7866149369544132 0.7789473684210526 0.7914645974781765 0.7894736842105263 0.7895247332686712 0.7929824561403509 0.8069835111542192 0.8157894736842105 0.8205625606207566 0.8263157894736842 0.8331716779825412 0.8105263157894737 0.8341416100872939 0.8 0.7623666343355965 0.6771929824561403 0.7575169738118331 0.6596491228070176 0.7507274490785645 0.6614035087719299 0.7303588748787585 0.6982456140350878 0.7293889427740058 0.7070175438596491 0.7390882638215325 0.7263157894736842
0 0.7594568380213386 0.5771929824561404 0.7516973811833172 0.5736842105263158 0.7371483996120272 0.6052631578947368 0.7332686711930165 0.6210526315789474 0.7594568380213386 0.5771929824561404
0 0.7895247332686712 0.8 0.7720659553831232 0.768421052631579 0.7303588748787585 0.7157894736842105 0.7344810863239574 0.6855263157894737 0.7468477206595538 0.6631578947368422 0.7303588748787585 0.631578947368421 0.7235693501454898 0.6333333333333333 0.6993210475266731 0.6929824561403509 0.7022308438409312 0.7105263157894737 0.7895247332686712 0.8
0 0.7516973811833172 0.656140350877193 0.7895247332686712 0.5877192982456141 0.7837051406401552 0.5543859649122808 0.8079534432589719 0.5245614035087719 0.8079534432589719 0.5175438596491229 0.7963142580019399 0.5157894736842106 0.7322987390882638 0.6263157894736843 0.7419980601357905 0.6508771929824562 0.7516973811833172 0.656140350877193
0 0.7934044616876819 0.5877192982456141 0.8108632395732299 0.5736842105263158 0.8225024248302619 0.5543859649122808 0.8176527643064986 0.5210526315789473 0.8089233753637245 0.5228070175438596 0.7904946653734238 0.5421052631578948 0.7807953443258971 0.5596491228070175 0.7934044616876819 0.5877192982456141
0 0.9146459747817652 0.4736842105263158 0.9136760426770126 0.4649122807017544 0.8971871968962173 0.47017543859649125 0.8933074684772067 0.4754385964912281 0.9146459747817652 0.4736842105263158
0 0.8225024248302619 0.5473684210526316 0.8380213385063046 0.5456140350877193 0.8622696411251213 0.5175438596491229 0.8651794374393793 0.4807017543859649 0.8225024248302619 0.512280701754386 0.8195926285160039 0.5175438596491229 0.8225024248302619 0.5473684210526316