0 0.232421875 0.521484375 0.12890625 0.1513671875
0 0.220703125 0.939453125 0.12109375 0.12109375
0 0.7490234375 0.9365234375 0.0859375 0.126953125
0 0.5576171875 0.576171875 0.0849609375 0.2001953125
0 0.6220703125 0.5595703125 0.046875 0.140625
0 0.669921875 0.5537109375 0.056640625 0.1328125
0 0.7119140625 0.552734375 0.0400390625 0.1630859375
0 0.7412109375 0.5712890625 0.0341796875 0.1103515625
0 0.595703125 0.38671875 0.11328125 0.1640625
0 0.6630859375 0.3662109375 0.0361328125 0.12890625
0 0.68359375 0.373046875 0.03125 0.12890625
0 0.7119140625 0.3759765625 0.0400390625 0.130859375
0 0.4404296875 0.240234375 0.1103515625 0.11328125
0 0.37890625 0.24609375 0.017578125 0.1337890625
0 0.359375 0.26953125 0.0185546875 0.0927734375
0 0.3388671875 0.2548828125 0.0263671875 0.1162109375
0 0.3134765625 0.2568359375 0.0263671875 0.123046875