0 0.16015625 0.1669921875 0.15234375 0.1484375
0 0.3916015625 0.779296875 0.154296875 0.130859375
0 0.287109375 0.9482421875 0.09765625 0.103515625
0 0.3984375 0.951171875 0.0859375 0.09765625
0 0.513671875 0.96484375 0.1279296875 0.0693359375
0 0.818359375 0.90625 0.1259765625 0.10546875
0 0.4560546875 0.291015625 0.125 0.15625
0 0.3837890625 0.1298828125 0.12109375 0.1357421875
0 0.5 0.130859375 0.1162109375 0.12890625
0 0.64453125 0.296875 0.181640625 0.1220703125
0 0.7705078125 0.17578125 0.1318359375 0.134765625
0 0.75390625 0.0859375 0.1162109375 0.083984375
0 0.904296875 0.150390625 0.1328125 0.1328125
0 0.880859375 0.0712890625 0.126953125 0.0615234375
0 0.6279296875 0.2158203125 0.1259765625 0.0576171875
0 0.63671875 0.173828125 0.123046875 0.056640625
0 0.6357421875 0.140625 0.125 0.0322265625
0 0.6357421875 0.1171875 0.123046875 0.0322265625
0 0.6337890625 0.0947265625 0.119140625 0.029296875
0 0.6318359375 0.072265625 0.1142578125 0.0322265625