0 0.2236328125 0.076171875 0.1220703125 0.1396484375
0 0.109375 0.314453125 0.0888671875 0.244140625
0 0.0986328125 0.1962890625 0.083984375 0.1533203125
0 0.2138671875 0.2490234375 0.134765625 0.1298828125
0 0.2275390625 0.373046875 0.138671875 0.150390625
0 0.193359375 0.3818359375 0.1123046875 0.1708984375
0 0.130859375 0.412109375 0.0625 0.123046875
0 0.212890625 0.5712890625 0.1474609375 0.197265625
0 0.1416015625 0.5478515625 0.0673828125 0.15234375
0 0.107421875 0.5703125 0.060546875 0.1611328125
0 0.0947265625 0.7451171875 0.076171875 0.17578125
0 0.1796875 0.7470703125 0.150390625 0.19921875
0 0.6298828125 0.2802734375 0.12890625 0.1513671875
0 0.73046875 0.701171875 0.125 0.1572265625
0 0.810546875 0.7041015625 0.037109375 0.1650390625
0 0.8349609375 0.7021484375 0.0458984375 0.1748046875
0 0.859375 0.7099609375 0.04296875 0.169921875
0 0.8984375 0.728515625 0.0732421875 0.17578125
0 0.9140625 0.4296875 0.07421875 0.1796875
0 0.9033203125 0.3427734375 0.056640625 0.1396484375
0 0.90234375 0.2763671875 0.0400390625 0.1181640625
0 0.908203125 0.2314453125 0.0380859375 0.1328125
0 0.7685546875 0.048828125 0.080078125 0.09765625
0 0.708984375 0.048828125 0.03125 0.09765625