0 0.109375 0.435546875 0.1357421875 0.125
0 0.1181640625 0.9072265625 0.18359375 0.185546875
0 0.6943359375 0.669921875 0.1162109375 0.146484375
0 0.7578125 0.6474609375 0.0419921875 0.1376953125
0 0.7822265625 0.6435546875 0.05078125 0.134765625
0 0.703125 0.4423828125 0.0927734375 0.1171875
0 0.6923828125 0.3681640625 0.095703125 0.052734375
0 0.6298828125 0.2421875 0.0576171875 0.1298828125
0 0.6640625 0.107421875 0.0791015625 0.078125
0 0.6611328125 0.0537109375 0.076171875 0.0283203125
0 0.654296875 0.0302734375 0.0703125 0.0302734375
0 0.3564453125 0.3349609375 0.103515625 0.109375
0 0.298828125 0.3310546875 0.03125 0.1083984375
0 0.28125 0.3291015625 0.0283203125 0.109375
0 0.267578125 0.330078125 0.0283203125 0.1103515625
0 0.2509765625 0.333984375 0.03515625 0.1103515625
0 0.21875 0.12109375 0.0859375 0.08984375
0 0.16015625 0.11328125 0.0361328125 0.0830078125