0 0.923828125 0.0908203125 0.1025390625 0.138671875
0 0.9033203125 0.7265625 0.1435546875 0.1162109375
0 0.4208984375 0.373046875 0.15625 0.166015625
0 0.43359375 0.3056640625 0.1533203125 0.1103515625
0 0.4267578125 0.251953125 0.146484375 0.052734375
0 0.4208984375 0.1982421875 0.1669921875 0.083984375
0 0.1220703125 0.232421875 0.1376953125 0.11328125
0 0.1181640625 0.4697265625 0.14453125 0.1181640625
0 0.373046875 0.4755859375 0.103515625 0.1572265625
0 0.310546875 0.4794921875 0.060546875 0.0986328125
0 0.30078125 0.4560546875 0.083984375 0.1015625
0 0.25390625 0.43359375 0.064453125 0.1064453125
0 0.1650390625 0.67578125 0.1689453125 0.16015625
0 0.1044921875 0.8935546875 0.13671875 0.10546875