0 0.1630859375 0.5498046875 0.1552734375 0.1396484375
0 0.53125 0.19140625 0.107421875 0.150390625
0 0.791015625 0.0654296875 0.14453125 0.130859375
0 0.859375 0.09375 0.076171875 0.0849609375
0 0.8701171875 0.1083984375 0.05859375 0.0869140625
0 0.861328125 0.224609375 0.1015625 0.0771484375
0 0.8203125 0.271484375 0.1923828125 0.1279296875
0 0.7177734375 0.4384765625 0.16796875 0.1357421875
0 0.8046875 0.4716796875 0.0517578125 0.1181640625
0 0.8232421875 0.4755859375 0.0478515625 0.1240234375
0 0.8408203125 0.4921875 0.048828125 0.1279296875
0 0.8564453125 0.509765625 0.0625 0.1357421875
0 0.890625 0.5146484375 0.0537109375 0.1123046875
0 0.955078125 0.5068359375 0.08984375 0.158203125
0 0.841796875 0.7666015625 0.0986328125 0.1064453125