0 0.0771484375 0.7763671875 0.154296875 0.2998046875
0 0.32421875 0.38671875 0.130859375 0.140625
0 0.2255859375 0.9521484375 0.134765625 0.095703125
0 0.2275390625 0.919921875 0.12109375 0.1298828125
0 0.36328125 0.171875 0.1171875 0.1162109375
0 0.2978515625 0.169921875 0.03125 0.1396484375
0 0.2724609375 0.173828125 0.033203125 0.1298828125
0 0.2451171875 0.1708984375 0.037109375 0.1162109375
0 0.671875 0.4365234375 0.0859375 0.1845703125
0 0.640625 0.6298828125 0.12109375 0.150390625
0 0.7177734375 0.6318359375 0.03515625 0.1572265625
0 0.7529296875 0.626953125 0.03515625 0.1630859375
0 0.77734375 0.361328125 0.1123046875 0.119140625
0 0.876953125 0.5048828125 0.1015625 0.1552734375
0 0.904296875 0.623046875 0.0859375 0.1064453125