0 0.0791015625 0.0791015625 0.1103515625 0.158203125
0 0.1982421875 0.240234375 0.1318359375 0.138671875
0 0.224609375 0.388671875 0.1240234375 0.1552734375
0 0.158203125 0.3935546875 0.0302734375 0.1474609375
0 0.1376953125 0.4140625 0.044921875 0.146484375
0 0.171875 0.5595703125 0.1376953125 0.1611328125
0 0.095703125 0.5927734375 0.0615234375 0.1689453125
0 0.13671875 0.724609375 0.072265625 0.0751953125
0 0.0869140625 0.732421875 0.0478515625 0.0634765625
0 0.345703125 0.7626953125 0.146484375 0.248046875
0 0.37890625 0.5546875 0.130859375 0.1416015625
0 0.4375 0.4228515625 0.1142578125 0.1435546875
0 0.4150390625 0.373046875 0.1162109375 0.12890625
0 0.396484375 0.3486328125 0.1142578125 0.12890625
0 0.3798828125 0.318359375 0.1162109375 0.1337890625
0 0.359375 0.275390625 0.1142578125 0.1259765625
0 0.3525390625 0.248046875 0.11328125 0.111328125
0 0.337890625 0.1982421875 0.1103515625 0.1201171875
0 0.3857421875 0.1005859375 0.0546875 0.111328125
0 0.4423828125 0.1240234375 0.091796875 0.166015625
0 0.7109375 0.0595703125 0.087890625 0.119140625
0 0.8349609375 0.0166015625 0.0380859375 0.033203125
0 0.8125 0.251953125 0.1015625 0.09765625
0 0.8125 0.353515625 0.1142578125 0.125
0 0.845703125 0.4072265625 0.1259765625 0.1201171875
0 0.8740234375 0.4765625 0.1337890625 0.162109375
0 0.7109375 0.681640625 0.1298828125 0.1826171875
0 0.79296875 0.705078125 0.0390625 0.162109375
0 0.8115234375 0.701171875 0.0322265625 0.1865234375
0 0.8447265625 0.7158203125 0.0380859375 0.171875
0 0.8671875 0.705078125 0.044921875 0.1708984375
0 0.892578125 0.7236328125 0.046875 0.1552734375
0 0.8896484375 0.7421875 0.11328125 0.1611328125