0 0.3916015625 0.6982421875 0.0810546875 0.171875
0 0.4033203125 0.59765625 0.0693359375 0.0615234375
0 0.4794921875 0.71484375 0.087890625 0.1826171875
0 0.4873046875 0.6025390625 0.07421875 0.076171875
0 0.568359375 0.7197265625 0.0771484375 0.193359375
0 0.572265625 0.6044921875 0.07421875 0.0556640625
0 0.4677734375 0.45703125 0.0947265625 0.119140625
0 0.5390625 0.4658203125 0.0595703125 0.1181640625
0 0.671875 0.734375 0.072265625 0.1982421875
0 0.669921875 0.6142578125 0.07421875 0.0498046875
0 0.615234375 0.4716796875 0.0625 0.1630859375
0 0.7138671875 0.501953125 0.04296875 0.1044921875