0 0.2119140625 0.140625 0.0361328125 0.1201171875
0 0.2841796875 0.134765625 0.1171875 0.1533203125
0 0.3330078125 0.2578125 0.103515625 0.142578125
0 0.47265625 0.447265625 0.1162109375 0.1494140625
0 0.4541015625 0.4208984375 0.1171875 0.126953125
0 0.4345703125 0.3896484375 0.1103515625 0.150390625
0 0.423828125 0.3671875 0.109375 0.15625
0 0.361328125 0.3583984375 0.0244140625 0.1298828125
0 0.3486328125 0.3359375 0.017578125 0.1328125
0 0.3310546875 0.31640625 0.0205078125 0.1220703125
0 0.365234375 0.3017578125 0.1064453125 0.130859375
0 0.2294921875 0.6513671875 0.1083984375 0.21875
0 0.22265625 0.9609375 0.12890625 0.078125
0 0.236328125 0.9365234375 0.1201171875 0.064453125
0 0.2275390625 0.8955078125 0.1474609375 0.0869140625
0 0.25 0.8828125 0.1396484375 0.1220703125
0 0.6455078125 0.6904296875 0.130859375 0.1591796875
0 0.7275390625 0.6875 0.04296875 0.16015625
0 0.638671875 0.4736328125 0.078125 0.2265625
0 0.693359375 0.4736328125 0.0390625 0.1494140625
0 0.7236328125 0.47265625 0.029296875 0.138671875
0 0.7451171875 0.46875 0.01953125 0.14453125
0 0.88671875 0.4921875 0.0859375 0.150390625
0 0.7314453125 0.0634765625 0.107421875 0.126953125