0 0.068359375 0.49609375 0.13671875 0.189453125
0 0.2158203125 0.7626953125 0.1142578125 0.244140625
0 0.216796875 0.6103515625 0.1103515625 0.0673828125
0 0.212890625 0.53515625 0.1044921875 0.1064453125
0 0.2119140625 0.44140625 0.10546875 0.078125
0 0.201171875 0.3955078125 0.0888671875 0.06640625
0 0.2001953125 0.3505859375 0.0810546875 0.078125
0 0.1943359375 0.283203125 0.0693359375 0.1005859375
0 0.390625 0.701171875 0.1025390625 0.2587890625
0 0.384765625 0.4130859375 0.078125 0.2529296875
0 0.501953125 0.388671875 0.099609375 0.2578125
0 0.5537109375 0.375 0.08203125 0.0908203125
0 0.5625 0.240234375 0.14453125 0.1767578125
0 0.525390625 0.7001953125 0.1396484375 0.2001953125
0 0.6494140625 0.677734375 0.138671875 0.1875
0 0.76953125 0.265625 0.0830078125 0.24609375
0 0.828125 0.2509765625 0.05078125 0.2509765625
0 0.7978515625 0.416015625 0.1005859375 0.09765625
0 0.8076171875 0.4833984375 0.0966796875 0.111328125