0 0.1591796875 0.322265625 0.1396484375 0.1572265625
0 0.255859375 0.8564453125 0.1044921875 0.125
0 0.2587890625 0.9306640625 0.1005859375 0.0263671875
0 0.48046875 0.6904296875 0.1044921875 0.146484375
0 0.59765625 0.7001953125 0.0771484375 0.138671875
0 0.6552734375 0.6943359375 0.072265625 0.138671875
0 0.7353515625 0.6962890625 0.1171875 0.140625
0 0.6875 0.8759765625 0.1171875 0.1162109375
0 0.455078125 0.30078125 0.109375 0.1416015625
0 0.5810546875 0.2880859375 0.12109375 0.1298828125
0 0.7314453125 0.349609375 0.1650390625 0.1162109375
0 0.7421875 0.2744140625 0.125 0.0361328125
0 0.7333984375 0.2421875 0.1220703125 0.0419921875
0 0.720703125 0.2080078125 0.107421875 0.0341796875
0 0.7177734375 0.1826171875 0.1162109375 0.0341796875
0 0.529296875 0.1689453125 0.1435546875 0.0751953125