0 0.16796875 0.865234375 0.158203125 0.1240234375
0 0.2666015625 0.638671875 0.13671875 0.1005859375
0 0.314453125 0.4033203125 0.1103515625 0.1328125
0 0.306640625 0.330078125 0.111328125 0.076171875
0 0.3046875 0.2802734375 0.1123046875 0.0458984375
0 0.224609375 0.3291015625 0.068359375 0.1083984375
0 0.576171875 0.1455078125 0.1376953125 0.0966796875
0 0.517578125 0.1171875 0.05078125 0.111328125
0 0.5888671875 0.0869140625 0.1318359375 0.046875
0 0.607421875 0.0927734375 0.123046875 0.125
0 0.5888671875 0.2158203125 0.1533203125 0.1376953125
0 0.6103515625 0.39453125 0.107421875 0.15625
0 0.6767578125 0.41015625 0.048828125 0.1181640625
0 0.7060546875 0.4130859375 0.0439453125 0.1044921875
0 0.7353515625 0.41015625 0.0341796875 0.1181640625
0 0.7607421875 0.4111328125 0.033203125 0.109375
0 0.71875 0.33203125 0.0947265625 0.068359375
0 0.83203125 0.3603515625 0.10546875 0.1171875
0 0.8427734375 0.4736328125 0.0810546875 0.091796875
0 0.8671875 0.5185546875 0.099609375 0.111328125