0 0.431640625 0.462890625 0.091796875 0.2099609375
0 0.39453125 0.505859375 0.0888671875 0.23046875
0 0.3955078125 0.6435546875 0.0869140625 0.0595703125
0 0.2607421875 0.537109375 0.119140625 0.1484375
0 0.2412109375 0.1591796875 0.1142578125 0.15234375
0 0.17578125 0.16015625 0.033203125 0.1552734375
0 0.779296875 0.0576171875 0.115234375 0.1142578125
0 0.77734375 0.126953125 0.1181640625 0.0615234375
0 0.701171875 0.1201171875 0.0517578125 0.0517578125
0 0.7021484375 0.064453125 0.0400390625 0.0654296875
0 0.7041015625 0.0205078125 0.041015625 0.041015625