0 0.392578125 0.458984375 0.1279296875 0.109375
0 0.322265625 0.4580078125 0.0390625 0.1044921875
0 0.30078125 0.458984375 0.0361328125 0.1064453125
0 0.28125 0.455078125 0.03125 0.1181640625
0 0.2578125 0.462890625 0.0283203125 0.1103515625
0 0.2294921875 0.4619140625 0.0478515625 0.10546875
0 0.1240234375 0.880859375 0.134765625 0.1083984375
0 0.6630859375 0.5068359375 0.12890625 0.10546875
0 0.7451171875 0.5048828125 0.0361328125 0.103515625
0 0.7802734375 0.50390625 0.0341796875 0.10546875
0 0.806640625 0.5009765625 0.0283203125 0.1005859375
0 0.8955078125 0.474609375 0.1328125 0.1103515625
0 0.8857421875 0.3525390625 0.1298828125 0.0966796875
0 0.7890625 0.109375 0.13671875 0.12109375