0 0.2001953125 0.205078125 0.1337890625 0.1064453125
0 0.123046875 0.2099609375 0.0458984375 0.1171875
0 0.08984375 0.20703125 0.0478515625 0.11328125
0 0.1650390625 0.4765625 0.1337890625 0.103515625
0 0.162109375 0.341796875 0.1298828125 0.1083984375
0 0.16015625 0.880859375 0.140625 0.1259765625
0 0.1689453125 0.806640625 0.1435546875 0.064453125
0 0.6630859375 0.5517578125 0.1083984375 0.1494140625
0 0.7373046875 0.5576171875 0.0615234375 0.109375
0 0.775390625 0.556640625 0.0361328125 0.1162109375
0 0.701171875 0.388671875 0.1455078125 0.1328125
0 0.8916015625 0.07421875 0.125 0.1044921875
0 0.8779296875 0.435546875 0.0595703125 0.111328125
0 0.921875 0.3310546875 0.08203125 0.1435546875
0 0.939453125 0.4033203125 0.0927734375 0.0654296875
0 0.947265625 0.4482421875 0.0966796875 0.0283203125
0 0.95703125 0.48828125 0.0849609375 0.0517578125
0 0.9638671875 0.509765625 0.072265625 0.078125