0 0.4228515625 0.0771484375 0.0751953125 0.1533203125
0 0.685546875 0.046875 0.0947265625 0.0927734375
0 0.2490234375 0.5888671875 0.130859375 0.1611328125
0 0.2705078125 0.357421875 0.02734375 0.1328125
0 0.2939453125 0.3583984375 0.025390625 0.130859375
0 0.3173828125 0.3603515625 0.02734375 0.126953125
0 0.3408203125 0.3544921875 0.0185546875 0.1279296875
0 0.359375 0.3583984375 0.0205078125 0.12890625
0 0.3759765625 0.353515625 0.015625 0.1259765625
0 0.4423828125 0.3525390625 0.107421875 0.1328125
0 0.234375 0.9384765625 0.15234375 0.123046875
0 0.59375 0.5615234375 0.1181640625 0.15625
0 0.6630859375 0.552734375 0.0244140625 0.13671875
0 0.69140625 0.54296875 0.0390625 0.1328125
0 0.716796875 0.548828125 0.044921875 0.1376953125
0 0.744140625 0.54296875 0.046875 0.1455078125
0 0.7529296875 0.9287109375 0.0712890625 0.142578125
0 0.8583984375 0.7841796875 0.12109375 0.150390625
0 0.8056640625 0.427734375 0.1103515625 0.140625