0 0.2421875 0.1591796875 0.1171875 0.1611328125
0 0.18359375 0.16015625 0.0380859375 0.150390625
0 0.404296875 0.212890625 0.1181640625 0.1640625
0 0.4013671875 0.4248046875 0.087890625 0.212890625
0 0.3740234375 0.4609375 0.0869140625 0.21484375
0 0.373046875 0.5849609375 0.0830078125 0.0693359375
0 0.376953125 0.7353515625 0.0869140625 0.201171875
0 0.2138671875 0.94921875 0.056640625 0.1015625
0 0.302734375 0.9765625 0.12109375 0.046875
0 0.5771484375 0.533203125 0.09375 0.2119140625
0 0.587890625 0.3056640625 0.1201171875 0.1533203125
0 0.7216796875 0.265625 0.1171875 0.1484375
0 0.7470703125 0.205078125 0.115234375 0.14453125
0 0.763671875 0.0244140625 0.125 0.048828125
0 0.8212890625 0.6259765625 0.1123046875 0.166015625