0 0.1171875 0.4912109375 0.146484375 0.1171875
0 0.380859375 0.65234375 0.15234375 0.1044921875
0 0.345703125 0.625 0.1533203125 0.103515625
0 0.0908203125 0.845703125 0.1005859375 0.1416015625
0 0.1728515625 0.8828125 0.158203125 0.142578125
0 0.6416015625 0.6884765625 0.115234375 0.1572265625
0 0.72265625 0.69140625 0.0556640625 0.1142578125
0 0.763671875 0.6865234375 0.03515625 0.1181640625
0 0.791015625 0.9150390625 0.1123046875 0.169921875
0 0.6357421875 0.5205078125 0.1533203125 0.10546875
0 0.9140625 0.3076171875 0.13671875 0.1513671875
0 0.87890625 0.099609375 0.16796875 0.1376953125