0 0.2431640625 0.150390625 0.111328125 0.1181640625
0 0.181640625 0.1376953125 0.0380859375 0.11328125
0 0.2109375 0.537109375 0.09765625 0.1865234375
0 0.142578125 0.921875 0.1484375 0.15625
0 0.142578125 0.865234375 0.12890625 0.0771484375
0 0.3125 0.345703125 0.0322265625 0.1015625
0 0.3330078125 0.3525390625 0.02734375 0.123046875
0 0.353515625 0.3515625 0.0234375 0.1220703125
0 0.41796875 0.34375 0.1064453125 0.1318359375
0 0.732421875 0.052734375 0.09375 0.10546875
0 0.7041015625 0.0869140625 0.1005859375 0.05078125
0 0.6787109375 0.03125 0.029296875 0.0625
0 0.806640625 0.41796875 0.107421875 0.1201171875
0 0.8203125 0.4794921875 0.1005859375 0.11328125
0 0.666015625 0.6474609375 0.123046875 0.1318359375
0 0.8017578125 0.8935546875 0.0830078125 0.1513671875
0 0.8662109375 0.71484375 0.111328125 0.13671875