0 0.2060546875 0.3740234375 0.1455078125 0.15234375
0 0.201171875 0.45703125 0.1630859375 0.1552734375
0 0.2607421875 0.947265625 0.166015625 0.1044921875
0 0.6279296875 0.5908203125 0.1435546875 0.1826171875
0 0.7177734375 0.5771484375 0.052734375 0.1611328125
0 0.7490234375 0.580078125 0.0498046875 0.171875
0 0.7724609375 0.5791015625 0.046875 0.181640625
0 0.798828125 0.58203125 0.0478515625 0.185546875
0 0.83203125 0.287109375 0.130859375 0.1142578125
0 0.7783203125 0.13671875 0.1123046875 0.16015625
0 0.6748046875 0.3740234375 0.134765625 0.150390625
0 0.3896484375 0.115234375 0.125 0.130859375
0 0.3212890625 0.103515625 0.05859375 0.1171875
0 0.2958984375 0.1005859375 0.05078125 0.11328125
0 0.2744140625 0.103515625 0.0498046875 0.1240234375
0 0.2470703125 0.087890625 0.04296875 0.1201171875
0 0.220703125 0.1005859375 0.0361328125 0.1318359375
0 0.193359375 0.10546875 0.03515625 0.103515625
0 0.775390625 0.9384765625 0.1083984375 0.123046875