0 0.2578125 0.4853515625 0.1494140625 0.125
0 0.3642578125 0.4853515625 0.064453125 0.08984375
0 0.4248046875 0.4853515625 0.0537109375 0.0927734375
0 0.7041015625 0.380859375 0.2158203125 0.0908203125
0 0.6943359375 0.46875 0.2236328125 0.0888671875
0 0.6240234375 0.6953125 0.22265625 0.1142578125
0 0.7724609375 0.70703125 0.0830078125 0.0927734375
0 0.712890625 0.0947265625 0.23046875 0.11328125
0 0.8720703125 0.40234375 0.1123046875 0.10546875
0 0.8818359375 0.4619140625 0.1259765625 0.0361328125
0 0.8876953125 0.4912109375 0.1123046875 0.0283203125