0 0.2080078125 0.1455078125 0.107421875 0.1328125
0 0.1552734375 0.5205078125 0.13671875 0.13671875
0 0.3037109375 0.3896484375 0.1337890625 0.1337890625
0 0.2752081406105458 0.5315315315315315 0.2798334875115634 0.5372645372645373 0.35661424606845515 0.5462735462735463 0.3885291396854764 0.5462735462735463 0.38575393154486587 0.49221949221949224 0.3834412580943571 0.48402948402948404 0.37742830712303427 0.4815724815724816 0.3538390379278446 0.48812448812448817 0.3376503237742831 0.48730548730548734 0.32516188714153565 0.49221949221949224 0.2821461609620722 0.49795249795249796 0.2761332099907493 0.502047502047502 0.2752081406105458 0.5135135135135136 0.2765957446808511 0.5217035217035217 0.2752081406105458 0.5315315315315315
0 0.27474560592044406 0.5749385749385749 0.27474560592044406 0.5831285831285832 0.27289546716003704 0.5847665847665848 0.2793709528214616 0.592956592956593 0.36447733580018504 0.6093366093366094 0.377890841813136 0.6093366093366094 0.38020351526364476 0.6044226044226044 0.38390379278445885 0.6044226044226044 0.3866790009250694 0.5937755937755939 0.3834412580943571 0.5790335790335791 0.3848288621646624 0.5601965601965603 0.3829787234042553 0.5495495495495496 0.2821461609620722 0.5397215397215398 0.2761332099907493 0.542997542997543 0.27474560592044406 0.5511875511875513 0.27289546716003704 0.5708435708435708 0.27474560592044406 0.5749385749385749
0 0.25809435707678074 0.7297297297297298 0.3418131359851989 0.746928746928747 0.3695652173913044 0.7493857493857494 0.3737280296022202 0.7371007371007372 0.37280296022201664 0.7280917280917282 0.37742830712303427 0.7051597051597052 0.3829787234042553 0.6584766584766585 0.3834412580943571 0.556920556920557 0.3811285846438483 0.5503685503685504 0.3746530989824237 0.5503685503685504 0.3751156336725255 0.561015561015561 0.37187789084181316 0.5692055692055692 0.3654024051803885 0.5634725634725635 0.34736355226642 0.5806715806715808 0.3422756706753007 0.6003276003276004 0.3367252543940796 0.5978705978705979 0.330249768732655 0.6036036036036037 0.32562442183163737 0.5986895986895987 0.3011100832562442 0.5978705978705979 0.2821461609620722 0.592956592956593 0.28029602220166516 0.5872235872235873 0.2761332099907493 0.592956592956593 0.2724329324699353 0.592956592956593 0.2678075855689177 0.6117936117936118 0.2664199814986124 0.6347256347256348 0.2543940795559667 0.7166257166257167 0.2543940795559667 0.7272727272727273 0.25809435707678074 0.7297297297297298
0 0.0753931544865865 0.9991809991809992 0.2150786308973173 0.9991809991809992 0.21554116558741906 0.972972972972973 0.21322849213691028 0.9484029484029485 0.21600370027752083 0.9000819000819001 0.21369102682701205 0.8820638820638821 0.21461609620721556 0.8484848484848485 0.21322849213691028 0.841932841932842 0.20397779833487512 0.8337428337428338 0.17298797409805736 0.8402948402948404 0.15032377428307123 0.850941850941851 0.09481961147086032 0.8624078624078625 0.0874190564292322 0.8705978705978706 0.07770582793709528 0.8722358722358723 0.07354301572617947 0.8771498771498772 0.07354301572617947 0.9737919737919739 0.0753931544865865 0.9991809991809992
0 0.6170212765957447 0.6314496314496315 0.6151711378353377 0.6502866502866503 0.6174838112858465 0.6822276822276823 0.6438482886216467 0.6871416871416872 0.6503237742830713 0.6936936936936937 0.6873265494912119 0.6904176904176904 0.69472710453284 0.6912366912366913 0.6993524514338576 0.6961506961506962 0.7039777983348752 0.6928746928746929 0.7238667900092507 0.6920556920556921 0.7275670675300648 0.6887796887796889 0.7261794634597595 0.6748566748566749 0.723404255319149 0.6683046683046684 0.7247918593894542 0.6158886158886159 0.7192414431082331 0.5692055692055692 0.706290471785384 0.5642915642915644 0.6628122109158188 0.5585585585585586 0.6369102682701203 0.5593775593775594 0.6184088806660499 0.5561015561015561 0.6137835337650324 0.561015561015561 0.6119333950046254 0.583947583947584 0.6114708603145236 0.5995085995085996 0.6170212765957447 0.6314496314496315
0 0.7622571692876966 0.44799344799344804 0.7668825161887142 0.5085995085995086 0.7696577243293248 0.5184275184275184 0.7775208140610547 0.5225225225225225 0.7872340425531915 0.5217035217035217 0.7955596669750231 0.5266175266175267 0.8552266419981499 0.5282555282555282 0.8732654949121185 0.5225225225225225 0.8714153561517114 0.49303849303849306 0.8593894542090658 0.4176904176904177 0.8487511563367253 0.41359541359541363 0.8006475485661425 0.40868140868140873 0.7594819611470861 0.4078624078624079 0.7604070305272895 0.4422604422604423 0.7622571692876966 0.44799344799344804
0 0.7793709528214616 0.5749385749385749 0.8612395929694727 0.5773955773955775 0.8774283071230343 0.5749385749385749 0.8811285846438484 0.5683865683865684 0.8792784458834413 0.5503685503685504 0.8732654949121185 0.5290745290745291 0.7918593894542091 0.5217035217035217 0.7724329324699353 0.5241605241605242 0.7770582793709528 0.5708435708435708 0.7793709528214616 0.5749385749385749
0 0.7474560592044404 0.07698607698607698 0.755781683626272 0.07371007371007371 0.7516188714153562 0.05241605241605242 0.7414431082331175 0.0515970515970516 0.6757631822386679 0.029484029484029485 0.6651248843663276 0.028665028665028666 0.667900092506938 0.06060606060606061 0.7474560592044404 0.07698607698607698
0 0.6688251618871416 0.023751023751023753 0.6716003700277521 0.027846027846027847 0.6951896392229417 0.036036036036036036 0.713691026827012 0.03849303849303849 0.7506938020351527 0.05323505323505324 0.7548566142460685 0.04995904995904996 0.7543940795559667 0 0.6706753006475485 0 0.6688251618871416 0.00819000819000819 0.6688251618871416 0.023751023751023753