0 0.080078125 0.9111328125 0.16015625 0.1767578125
0 0.1533203125 0.919921875 0.07421875 0.16015625
0 0.107421875 0.810546875 0.1416015625 0.0615234375
0 0.1826171875 0.8251953125 0.0361328125 0.0576171875
0 0.1162109375 0.431640625 0.1171875 0.0947265625
0 0.3515625 0.4697265625 0.09375 0.166015625
0 0.30078125 0.466796875 0.05078125 0.1396484375
0 0.2724609375 0.4677734375 0.0400390625 0.1376953125
0 0.2548828125 0.458984375 0.02734375 0.1181640625
0 0.2158203125 0.115234375 0.099609375 0.0859375
0 0.1611328125 0.11328125 0.0341796875 0.0888671875
0 0.3818359375 0.26953125 0.072265625 0.1435546875
0 0.341796875 0.279296875 0.029296875 0.099609375
0 0.322265625 0.2744140625 0.0234375 0.09765625
0 0.306640625 0.279296875 0.025390625 0.1015625
0 0.2900390625 0.2802734375 0.0341796875 0.1044921875
0 0.5517578125 0.333984375 0.08984375 0.1044921875
0 0.609375 0.3359375 0.037109375 0.103515625
0 0.634765625 0.333984375 0.0283203125 0.1005859375
0 0.65625 0.3369140625 0.0322265625 0.10546875
0 0.7197265625 0.39453125 0.091796875 0.125
0 0.7138671875 0.240234375 0.0693359375 0.12109375
0 0.671875 0.103515625 0.0703125 0.1064453125
0 0.70703125 0.0986328125 0.0400390625 0.0810546875
0 0.2763671875 0.0400390625 0.052734375 0.080078125