0 0.1865234375 0.4833984375 0.1416015625 0.138671875
0 0.435546875 0.5166015625 0.087890625 0.20703125
0 0.3759765625 0.5048828125 0.0693359375 0.1435546875
0 0.33203125 0.5166015625 0.0478515625 0.1513671875
0 0.298828125 0.5224609375 0.0419921875 0.1484375
0 0.2685546875 0.892578125 0.115234375 0.21484375
0 0.40625 0.2734375 0.1142578125 0.1240234375
0 0.2724609375 0.162109375 0.109375 0.0966796875
0 0.2041015625 0.1689453125 0.0478515625 0.0712890625
0 0.61328125 0.4931640625 0.1123046875 0.140625
0 0.6015625 0.400390625 0.080078125 0.1064453125
0 0.6630859375 0.4423828125 0.056640625 0.1865234375
0 0.7822265625 0.408203125 0.109375 0.1201171875
0 0.7685546875 0.31640625 0.1142578125 0.1162109375
0 0.6279296875 0.6376953125 0.11328125 0.1455078125
0 0.6640625 0.6611328125 0.1123046875 0.14453125
0 0.705078125 0.873046875 0.087890625 0.2529296875
0 0.7509765625 0.0625 0.095703125 0.1083984375