0 0.3251953125 0.0966796875 0.1298828125 0.126953125
0 0.2490234375 0.095703125 0.0458984375 0.119140625
0 0.2158203125 0.099609375 0.0556640625 0.123046875
0 0.1796875 0.1064453125 0.0439453125 0.1162109375
0 0.455078125 0.3671875 0.1376953125 0.1552734375
0 0.3857421875 0.3662109375 0.0380859375 0.1494140625
0 0.369140625 0.359375 0.041015625 0.1494140625
0 0.3466796875 0.3623046875 0.046875 0.1611328125
0 0.33203125 0.3583984375 0.0419921875 0.150390625
0 0.306640625 0.365234375 0.0498046875 0.14453125
0 0.208984375 0.5498046875 0.1689453125 0.1787109375
0 0.1796875 0.6962890625 0.12890625 0.25390625
0 0.1328125 0.9697265625 0.171875 0.060546875
0 0.6953125 0.48828125 0.1083984375 0.234375
0 0.66015625 0.26953125 0.130859375 0.1396484375
0 0.896484375 0.33203125 0.162109375 0.1787109375
0 0.9072265625 0.439453125 0.1162109375 0.1669921875
0 0.8828125 0.4873046875 0.154296875 0.1748046875