0 0.3916015625 0.1103515625 0.115234375 0.1357421875
0 0.328125 0.1015625 0.0302734375 0.1171875
0 0.30859375 0.1044921875 0.0380859375 0.111328125
0 0.2958984375 0.095703125 0.0400390625 0.1201171875
0 0.2666015625 0.0966796875 0.0478515625 0.1201171875
0 0.240234375 0.095703125 0.04296875 0.119140625
0 0.2138671875 0.095703125 0.0361328125 0.115234375
0 0.1884765625 0.095703125 0.05078125 0.1201171875
0 0.15625 0.08984375 0.0625 0.12109375
0 0.1357421875 0.0908203125 0.046875 0.115234375
0 0.23828125 0.392578125 0.115234375 0.205078125
0 0.17578125 0.4033203125 0.095703125 0.2001953125
0 0.2626953125 0.9541015625 0.1669921875 0.091796875
0 0.4189453125 0.7216796875 0.1474609375 0.17578125
0 0.427734375 0.5537109375 0.134765625 0.1728515625
0 0.4365234375 0.3916015625 0.0888671875 0.201171875
0 0.40234375 0.2255859375 0.0478515625 0.1318359375
0 0.46484375 0.2255859375 0.0947265625 0.177734375
0 0.865234375 0.779296875 0.1669921875 0.1953125
0 0.95703125 0.787109375 0.0537109375 0.21875
0 0.9775390625 0.7880859375 0.044921875 0.1943359375
0 0.8466796875 0.28125 0.09375 0.171875
0 0.83203125 0.353515625 0.1240234375 0.173828125
0 0.8046875 0.056640625 0.115234375 0.1123046875