0 0.875 0.0869140625 0.1669921875 0.1142578125
0 0.626953125 0.439453125 0.09375 0.1171875
0 0.65625 0.65234375 0.1728515625 0.111328125
0 0.75 0.646484375 0.0625 0.1181640625
0 0.712890625 0.5712890625 0.1103515625 0.06640625
0 0.7724609375 0.927734375 0.103515625 0.14453125
0 0.1181640625 0.8857421875 0.181640625 0.1337890625
0 0.267578125 0.71484375 0.1513671875 0.1103515625
0 0.3115234375 0.568359375 0.1142578125 0.1494140625
0 0.2861328125 0.517578125 0.15625 0.11328125
0 0.47265625 0.458984375 0.1064453125 0.162109375
0 0.310546875 0.38671875 0.1552734375 0.1064453125
0 0.279296875 0.3603515625 0.150390625 0.1083984375