0 0.2546493092454835 0.2791972290138549 0.1505047821466525 0.2547432762836186 0.12287460148777896 0.35574572127139364 0.23180127523910732 0.3794604726976365 0.2546493092454835 0.2791972290138549
0 0.22755047821466523 0.3990236348818256 0.1478480340063762 0.3802754686226569 0.11596705632306056 0.5318924205378972 0.19513815090329437 0.5555321923390383 0.22755047821466523 0.3990236348818256
0 0.23233262486716258 0.5693895680521597 0.10852816153028692 0.5685745721271394 0.09365037194473963 0.6932917685411573 0.22170563230605736 0.6924767726161368 0.23233262486716258 0.5693895680521597
0 0.1366896918172157 0.7764360228198859 0.11331030818278427 0.929683781581092 0.2510626992561105 0.9547677261613692 0.27165249734325186 0.8033365933170333 0.1366896918172157 0.7764360228198859
0 0.47356535600425076 0.38190546047269763 0.36251328374070135 0.3745696821515892 0.3566684378320935 0.48105134474327627 0.4709086078639745 0.48869030154849225 0.47356535600425076 0.38190546047269763
0 0.37579702444208285 0.37619967400162996 0.33860255047821464 0.36886308068459656 0.32478746014877785 0.47564792176039117 0.36304463336875664 0.4870594947025264 0.37579702444208285 0.37619967400162996
0 0.33860255047821464 0.36723308883455585 0.30725292242295427 0.36397229013854926 0.2918437832093517 0.4723871230643847 0.3269128586609989 0.4772779136104319 0.33860255047821464 0.36723308883455585
0 0.3083156216790648 0.3647881010594947 0.27590329436769395 0.3598964955175224 0.26208820403825717 0.46342053789731047 0.292375132837407 0.4699413202933986 0.3083156216790648 0.3647881010594947
0 0.7232996811902231 0.3036519967400163 0.6133103081827842 0.3044669926650367 0.6157013815090329 0.4056642216788916 0.7296758767268863 0.406360228198859 0.7232996811902231 0.3036519967400163
0 0.6977948990435706 0.4911352893235534 0.6117162592986185 0.4805387123064384 0.607731137088204 0.6511817440912795 0.7015143464399575 0.6598704156479217 0.6977948990435706 0.4911352893235534
0 0.6962008501594048 0.5302624286878564 0.6972635494155154 0.6484588427057865 0.7332624867162593 0.6491442542787286 0.7254250797024442 0.5294474327628361 0.6962008501594048 0.5302624286878564
0 0.6993889479277364 0.513959250203749 0.6962008501594048 0.6313406682966585 0.7658076514346439 0.6409942950285248 0.7567747077577045 0.5188500407497962 0.6993889479277364 0.513959250203749
0 0.8204748420714972 0.6450719464248924 0.8104410201912858 0.5188500407497962 0.7567747077577045 0.5253716381418092 0.7674017003188097 0.64519804400978 0.8204748420714972 0.6450719464248924
0 0.8115037194473963 0.5237408312958435 0.81894261424017 0.6476430317848411 0.8508235919234856 0.6450692746536267 0.8386025504782146 0.5188500407497962 0.8115037194473963 0.5237408312958435
0 0.763671875 0.896484375 0.06640625 0.2060546875
0 0.8544921875 0.2822265625 0.1005859375 0.10546875
0 0.8681640625 0.3984375 0.115234375 0.109375
0 0.8095703125 0.044921875 0.060546875 0.08984375