0 0.2451171875 0.1552734375 0.1083984375 0.146484375
0 0.583984375 0.5244140625 0.119140625 0.1572265625
0 0.2333984375 0.5322265625 0.05078125 0.1904296875
0 0.7529296875 0.05859375 0.111328125 0.1142578125
0 0.271484375 0.3984375 0.11328125 0.2666015625
0 0.32421875 0.974609375 0.1142578125 0.044921875
0 0.32421875 0.935546875 0.11328125 0.0546875
0 0.6513671875 0.525390625 0.0224609375 0.1533203125
0 0.1787109375 0.15234375 0.0224609375 0.1376953125
0 0.8134765625 0.0322265625 0.0126953125 0.05859375
0 0.6728515625 0.5234375 0.02734375 0.1513671875