0 0.15625 0.9296875 0.1513671875 0.140625
0 0.150390625 0.8681640625 0.140625 0.0537109375
0 0.2724609375 0.6123046875 0.09765625 0.1923828125
0 0.3876953125 0.353515625 0.0771484375 0.1572265625
0 0.3369140625 0.353515625 0.0419921875 0.119140625
0 0.3271484375 0.3359375 0.060546875 0.111328125
0 0.2880859375 0.322265625 0.0458984375 0.1015625
0 0.2587890625 0.3046875 0.0380859375 0.0947265625
0 0.646484375 0.40625 0.1162109375 0.1259765625
0 0.6337890625 0.4716796875 0.1201171875 0.1220703125
0 0.8076171875 0.529296875 0.1171875 0.1083984375
0 0.8701171875 0.681640625 0.1171875 0.1494140625