0 0.248046875 0.2568359375 0.1337890625 0.130859375
0 0.1455078125 0.416015625 0.1171875 0.169921875
0 0.384765625 0.353515625 0.10546875 0.177734375
0 0.5166015625 0.2890625 0.103515625 0.158203125
0 0.51953125 0.6015625 0.0986328125 0.1845703125
0 0.50390625 0.49609375 0.095703125 0.052734375
0 0.509765625 0.4638671875 0.1083984375 0.0419921875
0 0.646484375 0.4375 0.1005859375 0.0380859375
0 0.65234375 0.4658203125 0.09765625 0.0380859375
0 0.6552734375 0.498046875 0.1015625 0.041015625
0 0.6650390625 0.6162109375 0.11328125 0.203125
0 0.8818359375 0.4326171875 0.14453125 0.0634765625