0 0.2275390625 0.943359375 0.1416015625 0.1123046875
0 0.142578125 0.943359375 0.0458984375 0.1123046875
0 0.3076171875 0.4736328125 0.1220703125 0.2099609375
0 0.2978515625 0.35546875 0.0888671875 0.0849609375
0 0.1728515625 0.2822265625 0.0400390625 0.1376953125
0 0.201171875 0.2587890625 0.0205078125 0.125
0 0.21875 0.271484375 0.0185546875 0.14453125
0 0.2451171875 0.2646484375 0.029296875 0.126953125
0 0.2763671875 0.265625 0.0390625 0.134765625
0 0.306640625 0.265625 0.041015625 0.126953125
0 0.3310546875 0.263671875 0.025390625 0.1220703125
0 0.3662109375 0.267578125 0.0341796875 0.12109375
0 0.4306640625 0.275390625 0.11328125 0.14453125
0 0.26953125 0.0732421875 0.10546875 0.126953125
0 0.578125 0.564453125 0.1220703125 0.1728515625
0 0.6591796875 0.5625 0.041015625 0.154296875
0 0.681640625 0.5517578125 0.0400390625 0.16796875
0 0.7119140625 0.5546875 0.0458984375 0.1591796875
0 0.7421875 0.54296875 0.0419921875 0.1591796875
0 0.76953125 0.5478515625 0.0439453125 0.1572265625
0 0.796875 0.54296875 0.05078125 0.1533203125
0 0.83203125 0.755859375 0.130859375 0.1875
0 0.7822265625 0.3720703125 0.119140625 0.158203125
0 0.7802734375 0.2470703125 0.08203125 0.185546875
0 0.73828125 0.0302734375 0.1015625 0.060546875