0 0.255859375 0.275390625 0.103515625 0.1162109375
0 0.2451171875 0.419921875 0.0849609375 0.1845703125
0 0.505859375 0.6220703125 0.0732421875 0.185546875
0 0.5087890625 0.509765625 0.0673828125 0.02734375
0 0.5078125 0.4853515625 0.076171875 0.0322265625
0 0.5107421875 0.455078125 0.0732421875 0.03125
0 0.5087890625 0.4296875 0.072265625 0.0380859375
0 0.4560546875 0.4658203125 0.0390625 0.1181640625
0 0.703125 0.3623046875 0.080078125 0.154296875
0 0.701171875 0.2783203125 0.07421875 0.0380859375
0 0.7001953125 0.2490234375 0.068359375 0.03125