0 0.2158203125 0.494140625 0.1396484375 0.1416015625
0 0.220703125 0.6416015625 0.1025390625 0.16796875
0 0.4375 0.2119140625 0.076171875 0.189453125
0 0.3896484375 0.208984375 0.0390625 0.1181640625
0 0.65625 0.69140625 0.1220703125 0.1640625
0 0.740234375 0.6865234375 0.0595703125 0.16796875
0 0.6201171875 0.490234375 0.09765625 0.2158203125
0 0.6806640625 0.4970703125 0.0390625 0.154296875
0 0.7109375 0.4833984375 0.041015625 0.1640625
0 0.73828125 0.4736328125 0.0400390625 0.1669921875
0 0.7705078125 0.4794921875 0.044921875 0.16796875
0 0.8369140625 0.37109375 0.126953125 0.1328125
0 0.8544921875 0.5126953125 0.1005859375 0.171875
0 0.8681640625 0.646484375 0.095703125 0.1044921875
0 0.63671875 0.322265625 0.109375 0.1220703125
0 0.7099609375 0.3203125 0.0390625 0.1328125
0 0.640625 0.1826171875 0.103515625 0.134765625
0 0.8037109375 0.0419921875 0.130859375 0.083984375
0 0.7099609375 0.0390625 0.060546875 0.078125