0 0.10223048327137546 0.5783505154639176 0.2128252788104089 0.6195876288659794 0.21747211895910779 0.6175257731958763 0.22397769516728624 0.6020618556701031 0.24628252788104088 0.5257731958762887 0.22397769516728624 0.5103092783505154 0.19144981412639403 0.5030927835051546 0.15799256505576206 0.4865979381443299 0.13568773234200743 0.4814432989690722 0.11988847583643122 0.5103092783505154 0.11524163568773234 0.5278350515463918 0.09572490706319702 0.5587628865979382 0.09479553903345725 0.5711340206185567 0.10223048327137546 0.5783505154639176
0 0.5037174721189591 0.2597938144329897 0.5669144981412639 0.2649484536082474 0.5715613382899628 0.2567010309278351 0.5734200743494423 0.24020618556701032 0.5799256505576208 0.1443298969072165 0.5780669144981412 0.1309278350515464 0.5009293680297398 0.11958762886597939 0.4944237918215613 0.12164948453608247 0.4907063197026022 0.1288659793814433 0.48048327137546465 0.25257731958762886 0.5037174721189591 0.2597938144329897
0 0.8113382899628252 0.34536082474226804 0.8280669144981412 0.35360824742268043 0.8364312267657992 0.35360824742268043 0.8661710037174721 0.28969072164948456 0.8726765799256505 0.2639175257731959 0.8587360594795539 0.2515463917525773 0.7890334572490706 0.21443298969072166 0.758364312267658 0.20515463917525772 0.7211895910780669 0.2876288659793815 0.7230483271375464 0.29690721649484536 0.8113382899628252 0.34536082474226804
0 0.8197026022304832 0.2216494845360825 0.8894052044609665 0.2639175257731959 0.8940520446096654 0.2649484536082474 0.9005576208178439 0.2567010309278351 0.9061338289962825 0.2309278350515464 0.9014869888475836 0.22474226804123712 0.862453531598513 0.2061855670103093 0.8243494423791821 0.19381443298969073 0.8187732342007434 0.1958762886597938 0.8141263940520446 0.20927835051546392 0.8131970260223048 0.21649484536082475 0.8197026022304832 0.2216494845360825
0 0.6301115241635687 0.42577319587628865 0.662639405204461 0.4443298969072165 0.6747211895910781 0.4618556701030928 0.7342007434944238 0.4927835051546392 0.741635687732342 0.4845360824742268 0.7592936802973977 0.43917525773195876 0.7806691449814126 0.4072164948453608 0.7769516728624535 0.4 0.671003717472119 0.33402061855670107 0.6273234200743494 0.4123711340206186 0.6254646840148699 0.4195876288659794 0.6301115241635687 0.42577319587628865
0 0.7509293680297398 0.5061855670103093 0.7546468401486989 0.5051546391752577 0.7853159851301115 0.4350515463917526 0.7825278810408921 0.4154639175257732 0.7741635687732341 0.42061855670103093 0.7611524163568772 0.44123711340206184 0.741635687732342 0.4896907216494846 0.7425650557620818 0.49896907216494846 0.7509293680297398 0.5061855670103093
0 0.7574349442379181 0.5010309278350515 0.7574349442379181 0.5082474226804123 0.7713754646840149 0.5185567010309279 0.7825278810408921 0.5185567010309279 0.7871747211895911 0.511340206185567 0.8169144981412639 0.4329896907216495 0.800185873605948 0.422680412371134 0.7862453531598512 0.4247422680412371 0.7853159851301115 0.43917525773195876 0.7574349442379181 0.5010309278350515
0 0.7890334572490706 0.520618556701031 0.8011152416356877 0.5288659793814433 0.8076208178438661 0.5268041237113402 0.8410780669144982 0.4556701030927835 0.8410780669144982 0.44948453608247424 0.8280669144981412 0.4402061855670103 0.8169144981412639 0.4381443298969072 0.8076208178438661 0.4556701030927835 0.7871747211895911 0.5123711340206186 0.7890334572490706 0.520618556701031
0 0.8104089219330854 0.5371134020618556 0.8215613382899628 0.5474226804123712 0.8252788104089219 0.5463917525773196 0.8661710037174721 0.4670103092783505 0.8475836431226765 0.45463917525773195 0.8280669144981412 0.48350515463917526 0.8076208178438661 0.5288659793814433 0.8104089219330854 0.5371134020618556
0 0.8661710037174721 0.5649484536082474 0.8903345724907062 0.5041237113402062 0.8968401486988847 0.4711340206185567 0.8782527881040891 0.46288659793814435 0.8689591078066914 0.46288659793814435 0.8392193308550185 0.5195876288659794 0.8280669144981412 0.5484536082474227 0.8661710037174721 0.5649484536082474
0 0.79182156133829 0.41340206185567013 0.8178438661710037 0.42577319587628865 0.8271375464684014 0.4350515463917526 0.8652416356877323 0.45670103092783504 0.8763940520446096 0.4536082474226804 0.8838289962825279 0.4350515463917526 0.8838289962825279 0.4278350515463918 0.8801115241635687 0.4247422680412371 0.8104089219330854 0.38247422680412374 0.8029739776951672 0.3814432989690722 0.7936802973977695 0.39793814432989694 0.7899628252788103 0.4061855670103093 0.79182156133829 0.41340206185567013
0 0.87109375 0.3095703125 0.0625 0.0966796875
0 0.7444237918215613 0.06494845360824743 0.8141263940520446 0.1309278350515464 0.8308550185873605 0.12061855670103093 0.8327137546468402 0.11134020618556702 0.8726765799256505 0.06391752577319587 0.8736059479553903 0.05670103092783505 0.8661710037174721 0.042268041237113405 0.8531598513011152 0.03917525773195876 0.8447955390334572 0.021649484536082474 0.7342007434944238 0.020618556701030927 0.7221189591078067 0.030927835051546393 0.7221189591078067 0.03917525773195876 0.7444237918215613 0.06494845360824743
0 0.8661710037174721 0.03608247422680413 0.8698884758364311 0.04639175257731959 0.8698884758364311 0.06597938144329897 0.8475836431226765 0.088659793814433 0.8364312267657992 0.10721649484536083 0.8336431226765799 0.12164948453608247 0.837360594795539 0.12577319587628866 0.8717472118959108 0.09896907216494846 0.8717472118959108 0.09278350515463918 0.8828996282527881 0.0865979381443299 0.8949814126394051 0.0711340206185567 0.8968401486988847 0.061855670103092786 0.887546468401487 0.04639175257731959 0.8689591078066914 0.027835051546391754 0.8522304832713754 0.0288659793814433 0.8587360594795539 0.03608247422680413 0.8661710037174721 0.03608247422680413
0 0.8447955390334572 0.7195876288659794 0.8940520446096654 0.7443298969072165 0.9423791821561338 0.7618556701030929 0.9609665427509293 0.7649484536082475 0.9814126394052044 0.7618556701030929 0.9823420074349442 0.7453608247422681 0.9739776951672862 0.7329896907216495 0.8773234200743494 0.6659793814432989 0.8726765799256505 0.6649484536082474 0.8661710037174721 0.6701030927835052 0.8447955390334572 0.7030927835051547 0.8420074349442379 0.709278350515464 0.8447955390334572 0.7195876288659794
0 0.9804832713754646 0.5432989690721649 0.9990706319702601 0.5402061855670103 0.9990706319702601 0.4041237113402062 0.9451672862453531 0.4216494845360825 0.9526022304832713 0.45670103092783504 0.9804832713754646 0.5432989690721649