0 0.28125 0.7568359375 0.083984375 0.1982421875
0 0.4208984375 0.4501953125 0.0810546875 0.2080078125
0 0.43359375 0.5654296875 0.0810546875 0.068359375
0 0.43359375 0.6162109375 0.0791015625 0.0654296875
0 0.4326171875 0.66796875 0.0859375 0.0556640625
0 0.4306640625 0.716796875 0.0791015625 0.056640625
0 0.560546875 0.5458984375 0.111328125 0.1611328125
0 0.5546875 0.3935546875 0.1064453125 0.1650390625
0 0.84375 0.576171875 0.091796875 0.1962890625
0 0.845703125 0.4580078125 0.0888671875 0.08203125
0 0.830078125 0.7587890625 0.103515625 0.2109375