0 0.19140625 0.2958984375 0.115234375 0.103515625
0 0.2822265625 0.2509765625 0.033203125 0.1044921875
0 0.3095703125 0.255859375 0.0361328125 0.1103515625
0 0.333984375 0.2548828125 0.0224609375 0.111328125
0 0.359375 0.2666015625 0.041015625 0.1162109375
0 0.4130859375 0.2666015625 0.07421875 0.1650390625
0 0.228515625 0.423828125 0.1142578125 0.1259765625
0 0.2431640625 0.580078125 0.09375 0.1796875
0 0.171875 0.7412109375 0.140625 0.138671875
0 0.7099609375 0.0419921875 0.1015625 0.083984375
0 0.771484375 0.27734375 0.1064453125 0.11328125
0 0.78515625 0.3515625 0.10546875 0.056640625
0 0.794921875 0.4189453125 0.083984375 0.095703125
0 0.8076171875 0.51953125 0.111328125 0.1357421875
0 0.8203125 0.611328125 0.1162109375 0.0625
0 0.8662109375 0.716796875 0.1162109375 0.1298828125
0 0.6689453125 0.6474609375 0.1220703125 0.12890625