0 0.05859375 0.2822265625 0.115234375 0.2392578125
0 0.0654296875 0.1318359375 0.1123046875 0.1787109375
0 0.0576171875 0.0888671875 0.115234375 0.1748046875
0 0.0517578125 0.068359375 0.103515625 0.13671875
0 0.0771484375 0.63671875 0.140625 0.25390625
0 0.1142578125 0.462890625 0.0908203125 0.2109375
0 0.1240234375 0.3798828125 0.15234375 0.15625
0 0.40234375 0.3916015625 0.125 0.16015625
0 0.326171875 0.37890625 0.0400390625 0.1435546875
0 0.2978515625 0.3701171875 0.0537109375 0.16015625
0 0.2666015625 0.3720703125 0.0458984375 0.1494140625
0 0.279296875 0.4873046875 0.1142578125 0.095703125
0 0.31640625 0.6611328125 0.1640625 0.1962890625
0 0.1767578125 0.9697265625 0.1748046875 0.060546875
0 0.626953125 0.6455078125 0.158203125 0.1748046875
0 0.6142578125 0.474609375 0.1484375 0.1640625
0 0.7919921875 0.392578125 0.14453125 0.1611328125
0 0.763671875 0.0361328125 0.12109375 0.072265625