0 0.328125 0.142578125 0.0693359375 0.07421875
0 0.33984375 0.31640625 0.083984375 0.099609375
0 0.31640625 0.2998046875 0.08984375 0.1083984375
0 0.310546875 0.4365234375 0.0966796875 0.103515625
0 0.2998046875 0.591796875 0.115234375 0.1357421875
0 0.458984375 0.466796875 0.0927734375 0.126953125
0 0.4033203125 0.4580078125 0.021484375 0.1279296875
0 0.3828125 0.458984375 0.0263671875 0.12890625
0 0.64453125 0.4521484375 0.09375 0.115234375
0 0.6396484375 0.3759765625 0.0693359375 0.048828125
0 0.6328125 0.33984375 0.0615234375 0.0517578125
0 0.7138671875 0.0869140625 0.083984375 0.0966796875
0 0.80859375 0.4482421875 0.1015625 0.1181640625
0 0.8154296875 0.6298828125 0.1103515625 0.1611328125
0 0.8759765625 0.6328125 0.03125 0.1328125
0 0.37379861751152077 0.7242571996027806 0.3390387096774194 0.8899851042701092 0.4549046082949309 0.9748897715988084 0.47913087557603684 0.7900943396226415 0.37379861751152077 0.7242571996027806
0 0.45227142857142855 0.6550148957298908 0.3506253456221198 0.6754468718967229 0.34825529953917056 0.8443753723932472 0.4585912442396313 0.8173376365441906 0.45227142857142855 0.6550148957298908
0 0.5023041474654378 0.9990069513406157 0.5149442396313364 0.8513912611717974 0.4069783410138249 0.8241479642502483 0.37695852534562213 0.9990069513406157 0.5023041474654378 0.9990069513406157
0 0.4549046082949309 0.7265273088381331 0.4275179723502304 0.888850049652433 0.5207373271889401 0.9564478649453824 0.5412774193548386 0.7753376365441906 0.4549046082949309 0.7265273088381331
0 0.4470046082949309 0.6731767626613704 0.4470046082949309 0.8241479642502483 0.5457539170506913 0.8840973187686196 0.5576036866359447 0.714041708043694 0.4470046082949309 0.6731767626613704
0 0.44015806451612904 0.6584200595829195 0.5418036866359447 0.714041708043694 0.5497036866359447 0.618811320754717 0.44595115207373276 0.585772591857001 0.44015806451612904 0.6584200595829195
0 0.5228442396313363 0.5426375372393247 0.4264649769585253 0.56193545183714 0.42593824884792625 0.6652313803376365 0.5307437788018433 0.6266365441906654 0.5228442396313363 0.5426375372393247