0 0.3544921875 0.4248046875 0.072265625 0.162109375
0 0.4375 0.458984375 0.0751953125 0.1640625
0 0.521484375 0.5078125 0.0830078125 0.166015625
0 0.5947265625 0.5146484375 0.0830078125 0.173828125
0 0.671875 0.5166015625 0.078125 0.158203125
0 0.751953125 0.5390625 0.0693359375 0.16796875
0 0.8486328125 0.5 0.0703125 0.1767578125
0 0.4599609375 0.74609375 0.0908203125 0.19921875
0 0.4638671875 0.6328125 0.080078125 0.0576171875
0 0.55078125 0.759765625 0.0849609375 0.189453125
0 0.5576171875 0.6474609375 0.0771484375 0.056640625
0 0.6455078125 0.7724609375 0.0810546875 0.19140625
0 0.646484375 0.6484375 0.0751953125 0.0537109375
0 0.724609375 0.7431640625 0.076171875 0.1953125