0 0.2607421875 0.81640625 0.1025390625 0.2421875
0 0.5068359375 0.470703125 0.1357421875 0.1748046875
0 0.8974609375 0.5390625 0.1337890625 0.2666015625
0 0.9345703125 0.8125 0.1162109375 0.2587890625
0 0.3671875 0.4033203125 0.119140625 0.2607421875
0 0.3779296875 0.5595703125 0.107421875 0.0693359375
0 0.3857421875 0.6142578125 0.1005859375 0.087890625
0 0.390625 0.6796875 0.09765625 0.1005859375
0 0.39453125 0.74609375 0.1025390625 0.078125
0 0.396484375 0.8115234375 0.095703125 0.1015625
0 0.4013671875 0.892578125 0.1015625 0.083984375