0 0.1787109375 0.087890625 0.123046875 0.142578125
0 0.15234375 0.2861328125 0.1171875 0.0869140625
0 0.142578125 0.384765625 0.1337890625 0.12890625
0 0.130859375 0.4755859375 0.115234375 0.123046875
0 0.1044921875 0.6162109375 0.1767578125 0.2001953125
0 0.1572265625 0.962890625 0.1845703125 0.0732421875
0 0.37890625 0.4150390625 0.146484375 0.203125
0 0.3056640625 0.4111328125 0.03515625 0.1494140625
0 0.2646484375 0.3994140625 0.0537109375 0.1640625
0 0.30078125 0.51953125 0.111328125 0.0869140625
0 0.2890625 0.6005859375 0.1162109375 0.0712890625
0 0.6015625 0.474609375 0.138671875 0.1494140625
0 0.7939453125 0.3291015625 0.1376953125 0.1396484375
0 0.822265625 0.4443359375 0.1435546875 0.1181640625
0 0.7587890625 0.0400390625 0.1337890625 0.080078125