0 0.072265625 0.5859375 0.14453125 0.169921875
0 0.3505859375 0.6923828125 0.1435546875 0.2021484375
0 0.4775390625 0.6845703125 0.09765625 0.2421875
0 0.6005859375 0.65234375 0.1396484375 0.197265625
0 0.595703125 0.421875 0.1005859375 0.2314453125
0 0.7890625 0.3212890625 0.09375 0.2509765625
0 0.8232421875 0.404296875 0.0927734375 0.2412109375
0 0.453125 0.3701171875 0.1474609375 0.17578125
0 0.451171875 0.48046875 0.1396484375 0.0703125
0 0.2158203125 0.6982421875 0.1103515625 0.2587890625
0 0.220703125 0.546875 0.111328125 0.080078125
0 0.2216796875 0.47265625 0.1142578125 0.103515625
0 0.212890625 0.3994140625 0.103515625 0.07421875
0 0.2177734375 0.328125 0.1044921875 0.078125
0 0.2119140625 0.2705078125 0.1162109375 0.06640625