0 0.0673828125 0.349609375 0.103515625 0.1669921875
0 0.0869140625 0.265625 0.103515625 0.103515625
0 0.2197265625 0.3818359375 0.1318359375 0.1474609375
0 0.19140625 0.458984375 0.1005859375 0.1875
0 0.2060546875 0.49609375 0.091796875 0.1943359375
0 0.24609375 0.552734375 0.1435546875 0.2119140625
0 0.3828125 0.4990234375 0.123046875 0.1630859375
0 0.22265625 0.8623046875 0.1533203125 0.1787109375
0 0.392578125 0.3505859375 0.1220703125 0.13671875
0 0.4267578125 0.2109375 0.115234375 0.15234375
0 0.3564453125 0.2001953125 0.0380859375 0.1455078125
0 0.328125 0.2099609375 0.033203125 0.138671875
0 0.60546875 0.306640625 0.1162109375 0.1298828125
0 0.6796875 0.302734375 0.04296875 0.146484375
0 0.794921875 0.400390625 0.1259765625 0.1787109375
0 0.7958984375 0.75390625 0.1416015625 0.166015625
0 0.875 0.744140625 0.0439453125 0.1591796875