0 0.09765625 0.4990234375 0.150390625 0.09765625
0 0.1259765625 0.9248046875 0.1416015625 0.095703125
0 0.1328125 0.8671875 0.14453125 0.0361328125
0 0.126953125 0.845703125 0.1416015625 0.0244140625
0 0.126953125 0.818359375 0.1513671875 0.033203125
0 0.3271484375 0.5087890625 0.150390625 0.103515625
0 0.2919921875 0.494140625 0.1484375 0.099609375
0 0.3173828125 0.365234375 0.1630859375 0.10546875
0 0.283203125 0.3505859375 0.146484375 0.107421875
0 0.6533203125 0.427734375 0.1513671875 0.103515625
0 0.64453125 0.6005859375 0.146484375 0.1005859375
0 0.7314453125 0.60546875 0.0478515625 0.1083984375
0 0.76953125 0.6083984375 0.0341796875 0.115234375
0 0.806640625 0.6044921875 0.048828125 0.119140625
0 0.916015625 0.1162109375 0.16796875 0.12109375