0 0.263671875 0.21484375 0.2421875 0.12890625
0 0.287109375 0.3603515625 0.248046875 0.1318359375
0 0.2978515625 0.5234375 0.259765625 0.1494140625
0 0.451171875 0.7421875 0.28125 0.1728515625
0 0.6044921875 0.75 0.0869140625 0.17578125
0 0.658203125 0.7529296875 0.0859375 0.169921875
0 0.7177734375 0.7509765625 0.08984375 0.177734375
0 0.775390625 0.7587890625 0.1123046875 0.16796875
0 0.83984375 0.7685546875 0.109375 0.162109375
0 0.681640625 0.4287109375 0.248046875 0.1396484375
0 0.490234375 0.037109375 0.2099609375 0.0732421875