0 0.228515625 0.646484375 0.111328125 0.2177734375
0 0.220703125 0.962890625 0.14453125 0.07421875
0 0.224609375 0.93359375 0.13671875 0.0732421875
0 0.2255859375 0.88671875 0.1318359375 0.091796875
0 0.2421875 0.861328125 0.16015625 0.0634765625
0 0.283203125 0.140625 0.1123046875 0.126953125
0 0.2119140625 0.142578125 0.03515625 0.12109375
0 0.333984375 0.255859375 0.107421875 0.140625
0 0.3642578125 0.2978515625 0.109375 0.134765625
0 0.376953125 0.3232421875 0.111328125 0.138671875
0 0.39453125 0.337890625 0.107421875 0.142578125
0 0.4033203125 0.3525390625 0.107421875 0.1533203125
0 0.421875 0.3583984375 0.1005859375 0.1552734375
0 0.4384765625 0.38671875 0.107421875 0.1455078125
0 0.41796875 0.419921875 0.0341796875 0.1416015625
0 0.46484375 0.431640625 0.0830078125 0.1962890625
0 0.63671875 0.7119140625 0.1259765625 0.19140625
0 0.71484375 0.703125 0.03125 0.1708984375
0 0.748046875 0.69140625 0.041015625 0.1669921875
0 0.62109375 0.498046875 0.08984375 0.2041015625
0 0.689453125 0.4775390625 0.0498046875 0.1513671875
0 0.7236328125 0.4853515625 0.0322265625 0.1552734375
0 0.748046875 0.4814453125 0.029296875 0.1611328125
0 0.7763671875 0.4755859375 0.0380859375 0.1572265625
0 0.650390625 0.306640625 0.1123046875 0.15234375
0 0.72265625 0.30078125 0.033203125 0.1484375
0 0.83984375 0.3232421875 0.123046875 0.1181640625
0 0.8505859375 0.4287109375 0.1181640625 0.115234375
0 0.8662109375 0.52734375 0.13671875 0.1201171875
0 0.7705078125 0.0703125 0.1044921875 0.1083984375
0 0.720703125 0.1259765625 0.1162109375 0.0703125
0 0.6962890625 0.0810546875 0.0703125 0.046875
0 0.7197265625 0.033203125 0.103515625 0.06640625